African_elephant (1) -0.6 -0.885 2.31 0 0 0 1
african_elephant_exp1_0_0 1.223121E-09 0 0 -0.7071068 0 0 0.7071068
Root_M 9.073574E-23 1.707351 -0.5292708 0.7069922 0.01273026 -0.7069922 -0.01273023
backRump_L 0.2493823 0.01893913 0.3400436 -0.01306944 0.01373801 0.7944701 0.6070073
backHip_L 0.3546783 -4.263256E-16 -2.590149E-10 1.439644E-05 9.791536E-05 -0.13362 0.9910327
backKnee_L 0.6607726 -1.838954E-15 1.060336E-08 -8.56754E-08 -1.203463E-07 0.07657025 0.9970642
backAnkle_L 0.3897029 -2.535953E-16 1.296626E-09 0.0007146629 -0.01916424 -0.09004132 0.9957533
backToes_L 0.3047656 0.128473 6.409151E-09 0.6852646 0.7282942 1.062875E-07 1.18264E-07
backToesEnd_L 0.1184887 -1.074141E-16 2.520294E-09 0 0 0 1
backRump_R 0.2366454 0.02368385 -0.3401907 0.01796068 0.01076224 -0.6716649 0.7405592
backHip_R -0.3546783 1.421085E-15 2.590169E-10 -0.0003058498 0.0003058689 -0.289256 0.9572517
backKnee_R -0.6072524 5.364454E-16 -2.835066E-09 -1.706157E-07 -5.858489E-07 0.2907721 0.9567924
backAnkle_R -0.3581388 -6.222118E-16 -1.167808E-09 -0.002484512 -0.0211095 -0.1679131 0.9855726
backToes_R -0.3047656 -0.128473 -5.102186E-09 0.7994992 0.6006672 1.064092E-07 -2.755315E-07
backToesEnd_R -0.1184887 3.175238E-16 -3.725675E-09 0 0 0 1
RootPart1_M -0.2816 -0.005334699 -2.238975E-09 2.765926E-08 3.685822E-08 0.01520641 0.9998844
Spine1_M -0.281652 -4.07121E-05 -1.906404E-08 -2.130914E-08 -5.140949E-09 0.0008143479 0.9999997
Spine1Part1_M -0.2616774 8.774402E-05 -1.965851E-08 1.699828E-08 1.818434E-08 -0.004403416 0.9999903
Chest_M -0.2628504 -1.159869E-09 -3.428107E-08 -6.58837E-08 -2.135285E-08 -0.006609023 0.9999782
frontRump_L -0.2562759 0.2644936 0.2961378 0.7238004 0.6899407 -0.00450113 0.008637148
frontHip_L 0.4047092 5.27578E-15 -3.883025E-09 -0.0002563956 0.0003428003 -0.3671874 0.9301469
frontKnee_L 0.4043828 4.330452E-15 6.462079E-09 -1.988934E-07 6.125794E-07 0.1937236 0.9810562
frontAnkle_L 0.3507248 1.421083E-15 9.387196E-09 0.004844681 0.008620219 0.4957946 0.8683835
frontToes_L 0.2705683 -0.07779121 -6.842853E-09 -0.7734553 0.6338509 2.608147E-08 -7.218356E-07
frontToesEnd_L 0.1021949 -1.909584E-16 -2.393122E-09 0 0 0 1
frontRump_R -0.302762 0.2829057 -0.3026296 0.6332293 -0.770916 -0.05284843 -0.04377614
frontHip_R -0.4047092 -7.247536E-15 3.883021E-09 0.0007927116 -5.611735E-05 -0.1959964 0.9806043
frontKnee_R -0.4125775 -1.838662E-15 -6.527212E-09 -5.056381E-08 5.640452E-07 0.1310999 0.9913692
frontAnkle_R -0.357832 -1.844635E-15 -6.528705E-09 0.0004163893 0.06840173 -0.04468277 0.9966567
frontToes_R -0.2705683 0.07779121 6.842841E-09 0.7103893 -0.7038091 -7.90526E-07 4.588932E-07
frontToesEnd_R -0.1021949 -4.973799E-16 2.393121E-09 0 0 0 1
Neck_M -0.4334892 3.979039E-15 -5.01214E-08 6.67362E-08 -1.276877E-07 0.141222 0.989978
NeckPart1_M -0.09451159 0 1.394745E-08 0 3.515419E-08 0 1
NeckPart2_M -0.09451159 3.126388E-15 7.302493E-09 0 3.515419E-08 0 1
Head_M -0.09451159 1.98952E-15 6.575365E-10 -4.369779E-08 -3.044958E-08 0.5717092 0.8204564
Ear_L -0.1192373 0.03953617 0.3826628 0.6993692 -0.1816454 0.6911084 0.01603135
EarPart1_L 0.1839576 -1.223081E-08 9.712267E-10 -0.007199544 0.002479446 -0.1103493 0.9938637
EarPart2_L 0.1839576 -1.223081E-08 9.712261E-10 -0.007199544 0.002479446 -0.1103493 0.9938637
EarEnd_L 0.1839576 -1.075822E-08 9.712281E-10 0 0 0 1
Ear_R -0.1192374 0.03953627 -0.3826627 -0.1816002 -0.6993805 -0.01598337 0.6911099
EarPart1_R -0.1839576 -1.223081E-08 9.712258E-10 -0.007136303 0.00245768 -0.1103499 0.9938642
EarPart2_R -0.1839576 -1.223081E-08 9.712255E-10 -0.007136303 0.00245768 -0.1103499 0.9938642
EarEnd_R -0.1839576 -1.075821E-08 9.712227E-10 0 0 0 1
HeadEnd_M -0.4023567 -2.842171E-16 1.015884E-08 0 0 0 1
Jaw_M 0.3801991 0.3848986 -6.579022E-08 4.799193E-08 -3.45056E-08 0.9083688 -0.4181702
JawEnd_M -0.1807524 -3.126388E-15 -6.810329E-09 0 0 0 1
nose1 0.2665761 0.6266167 2.412444E-07 -0.2851002 0.9584954 -0.0001512285 -0.002120666
nose2 -0.3170546 1.065814E-16 7.040026E-17 -0.0002569582 0.001763896 0.1109024 0.9938297
nose3 -0.2136122 1.376677E-16 3.519062E-17 1.31464E-05 0.003714924 0.1595107 0.9871892
nose4 -0.2512747 8.082423E-16 8.287496E-17 -0.0003841903 -0.004816311 0.2396463 0.9708483
nose5 -0.1692196 1.165734E-17 3.756722E-17 -0.000373266 -0.004373607 0.1992333 0.9799423
nose6 -0.2090752 2.664535E-16 4.559129E-17 0.002311216 0.02126752 0.4409949 0.8972546
nose7 -0.1662924 1.687539E-16 3.391992E-17 -0.00854295 0.1154421 0.3656942 0.9235085
nose8 -0.1478157 -4.884981E-17 -4.558917E-19 3.396052E-17 8.391827E-18 6.938894E-17 1
Tail0_M 0.6981989 0.1441487 -2.547676E-17 -0.5438432 0.8391869 -8.468618E-17 -1.808459E-17
Tail1_M -0.1811132 -1.705303E-15 -1.707749E-09 -4.895567E-08 4.77021E-08 -0.1974214 0.9803187
Tail2_M -0.199354 1.705303E-15 -1.733218E-09 -4.255866E-08 3.476563E-08 -0.05908874 0.9982527
Tail3_M -0.3723723 1.278977E-15 -3.1112E-09 -3.718701E-08 3.689303E-08 0.07952298 0.9968331
Tail4_M -0.2850054 9.947598E-16 -2.614071E-09 -3.404114E-08 4.897154E-08 0.1371612 0.9905487
Tail5_M -0.09802369 -5.684342E-16 -9.242775E-10 0 0 0 1
#
African_elephant (1) -0.6 -0.885 2.31 0 0 0 1
african_elephant_exp1_0_0 1.223121E-09 0 0 -0.7071068 0 0 0.7071068
Root_M 0.1803589 1.690188 -0.6826978 0.5970295 0.07579126 -0.7966087 -0.05679821
backRump_L 0.2455998 0.1089279 0.3366137 0.02941073 -0.03032642 0.8068112 0.5892972
backHip_L 0.3546783 -4.263256E-16 -2.590149E-10 0.1382971 -0.005208797 -0.1918767 0.9716122
backKnee_L 0.6162611 -1.702085E-15 1.024002E-08 -1.227627E-07 -3.197465E-07 0.2114866 0.9773809
backAnkle_L 0.3634515 -8.305968E-16 1.252196E-09 0.005770761 0.02924453 -0.0877915 0.9956928
backToes_L 0.3047656 0.128473 6.409151E-09 0.7056598 0.7085508 9.434925E-08 9.396429E-08
backToesEnd_L 0.1184887 -1.074141E-16 2.520294E-09 0 0 0 1
backRump_R 0.2455998 0.108928 -0.3366137 0.002634699 0.003766373 -0.496811 0.8678466
backHip_R -0.3546783 1.421085E-15 2.590169E-10 -0.1280592 0.003388998 -0.10599 0.9860809
backKnee_R -0.643655 -1.42057E-16 -2.918695E-09 -6.09724E-08 -2.237806E-07 0.1101707 0.9939128
backAnkle_R -0.3796077 -9.965108E-16 -1.202257E-09 -0.008216204 0.060525 -0.2121988 0.9753158
backToes_R -0.3047656 -0.128473 -5.102186E-09 0.7056597 0.7085509 9.434925E-08 9.396428E-08
backToesEnd_R -0.1184887 3.175238E-16 -3.725675E-09 0 0 0 1
RootPart1_M -0.292812 -0.02545244 -0.0112686 -0.008333451 -0.02399744 0.07149564 0.9971174
Spine1_M -0.2942174 -3.114024E-05 0.0008071825 -0.007912528 0.01980966 0.000927223 0.9997721
Spine1Part1_M -0.274083 0.0005410282 0.001340668 -0.007760586 0.06936972 -0.02690979 0.9971978
Chest_M -0.2725016 -4.337855E-09 -3.251426E-08 0.004585218 0.08284447 -0.03843805 0.9958104
frontRump_L -0.2878076 0.3411044 0.2943832 0.7086721 0.6727918 0.1017354 -0.1865074
frontHip_L 0.4047092 -4.771112E-09 7.943056E-09 -0.008515892 -0.0003514784 -0.524456 0.851395
frontKnee_L 0.4217177 4.783572E-15 6.599119E-09 1.400398E-06 2.686527E-06 0.602736 0.7979407
frontAnkle_L 0.3657597 1.428826E-15 9.586261E-09 -0.05142941 -0.1767773 -0.2148686 0.9591331
frontToes_L 0.2705683 -0.07779121 -6.842853E-09 0.7098657 -0.704337 -3.538516E-07 2.116504E-07
frontToesEnd_L 0.1021949 -1.909584E-16 -2.393122E-09 0 0 0 1
frontRump_R -0.3030666 0.247983 -0.2920888 -0.6474373 0.7620075 -0.01131667 -0.00643159
frontHip_R -0.4047092 -4.858414E-09 8.031518E-09 0.00435657 -0.0003392535 -0.4119152 0.9112117
frontKnee_R -0.395388 -1.960693E-15 -6.389842E-09 2.594828E-07 1.382367E-06 0.366466 0.9304315
frontAnkle_R -0.3429236 -1.780599E-15 -2.801414E-09 -0.003832295 -0.043607 -0.1271745 0.9909139
frontToes_R -0.2705683 0.07779121 6.842841E-09 0.7098536 -0.7043493 -1.868061E-06 1.075923E-06
frontToesEnd_R -0.1021949 -4.973799E-16 2.393121E-09 0 0 0 1
Neck_M -0.4334892 8.526513E-16 -1.217124E-08 6.66389E-08 -1.289037E-07 0.141222 0.989978
NeckPart1_M -0.09451159 0 1.394745E-08 -0.01213577 3.4882E-08 4.231322E-10 0.9999264
NeckPart2_M -0.09451159 3.126388E-15 7.302493E-09 -0.01213577 3.486992E-08 1.415092E-09 0.9999264
Head_M -0.09451159 1.98952E-15 6.575365E-10 -0.02969782 -0.007469705 0.5561466 0.8305199
Ear_L -0.1192373 0.03953617 0.3826628 0.6768621 -0.2527697 0.6882103 -0.06581599
EarPart1_L 0.1839576 -1.223081E-08 9.712267E-10 0 0 6.767532E-16 1
EarPart2_L 0.1839576 -1.223081E-08 9.712261E-10 0 0 6.767532E-16 1
EarEnd_L 0.1839576 -1.075822E-08 9.712281E-10 0 0 0 1
Ear_R -0.1192374 0.03953627 -0.3826627 -0.2527697 -0.6768622 0.06581592 0.6882102
EarPart1_R -0.1839576 -1.223081E-08 9.712258E-10 0 0 -2.715994E-16 1
EarPart2_R -0.1839576 -1.223081E-08 9.712255E-10 0 0 -2.715994E-16 1
EarEnd_R -0.1839576 -1.075821E-08 9.712227E-10 0 0 0 1
HeadEnd_M -0.4023567 -2.842171E-16 1.015884E-08 0 0 0 1
Jaw_M 0.3801991 0.3848986 -6.579022E-08 5.086074E-08 -3.018509E-08 0.9423048 -0.334756
JawEnd_M -0.1807524 -3.126388E-15 -6.810329E-09 0 0 0 1
nose1 0.266576 0.6266167 2.407306E-07 -0.4088555 0.9117816 0.002748656 0.03852231
nose2 -0.3170546 1.065814E-16 7.040026E-17 0.007640684 -0.05244966 0.4258703 0.9032304
nose3 -0.2136122 1.376677E-16 3.519062E-17 -4.206094E-06 -0.001188566 0.5342469 0.8453277
nose4 -0.2512747 8.082423E-16 8.287496E-17 8.342846E-05 0.001045885 0.2099453 0.9777126
nose5 -0.1692196 1.165734E-17 3.756722E-17 4.376841E-05 0.0005128414 0.08846656 0.996079
nose6 -0.2090752 2.664535E-16 4.559129E-17 -0.004185095 -0.03851075 0.7028897 0.7102432
nose7 -0.1662924 1.687539E-16 3.391992E-17 0.001937517 -0.02618192 0.3934486 0.9189717
nose8 -0.1478157 -4.884981E-17 -4.558917E-19 3.396052E-17 8.391827E-18 6.938894E-17 1
Tail0_M 0.6981989 0.1441487 -2.547676E-17 -0.6437455 0.7638109 -0.03007296 -0.03577898
Tail1_M -0.1811132 -1.705303E-15 -1.707749E-09 -0.0100809 -0.0500576 -0.1971638 0.9790398
Tail2_M -0.199354 1.705303E-15 -1.733218E-09 -0.0008341527 -0.0197286 -0.04223321 0.9989126
Tail3_M -0.3723723 1.278977E-15 -3.1112E-09 -0.003869796 0.03106417 0.1235572 0.9918436
Tail4_M -0.2850054 9.947598E-16 -2.614071E-09 0.004480579 -0.0375297 0.1184618 0.9922391
Tail5_M -0.09802369 -5.684342E-16 -9.242775E-10 0 0 0 1
#
African_elephant (1) -0.6 -0.885 2.31 0 0 0 1
african_elephant_exp1_0_0 1.223121E-09 0 0 -0.7071068 0 0 0.7071068
Root_M 0.0861104 1.677019 -0.3740571 0.7070496 0.008919617 -0.7044509 -0.06124021
backRump_L 0.2455998 0.1089279 0.3366137 -0.02115918 0.02645657 0.7217612 0.6913126
backHip_L 0.3546783 -4.263256E-16 -2.590149E-10 -0.007260493 0.0002577978 -0.1458156 0.9892852
backKnee_L 0.629228 -1.704905E-15 1.03472E-08 -9.86994E-08 -2.3071E-07 0.1509319 0.9885442
backAnkle_L 0.371099 -4.967015E-16 1.265302E-09 0.0004996274 0.003611182 0.02514046 0.9996773
backToes_L 0.3047656 0.128473 6.409151E-09 0.7056598 0.7085508 9.434925E-08 9.396429E-08
backToesEnd_L 0.1184887 -1.074141E-16 2.520294E-09 0 0 0 1
backRump_R 0.2455998 0.108928 -0.3366137 0.01491853 0.01244197 -0.6227402 0.7821875
backHip_R -0.3546783 1.421085E-15 2.590169E-10 0.003641099 -0.0001323475 -0.2400241 0.9707602
backKnee_R -0.6071755 -1.729438E-16 -2.83487E-09 -1.62874E-07 -5.712214E-07 0.2832779 0.9590379
backAnkle_R -0.3580938 -1.668313E-16 -1.167724E-09 -0.01064091 -0.05709841 -0.1014486 0.9931439
backToes_R -0.3047656 -0.128473 -5.102186E-09 0.7056597 0.7085509 9.434925E-08 9.396428E-08
backToesEnd_R -0.1184887 3.175238E-16 -3.725675E-09 0 0 0 1
RootPart1_M -0.2855595 -0.01860795 -0.001535229 -0.002758695 1.584649E-06 0.05859104 0.9982783
Spine1_M -0.2861848 -0.0003494185 0.0005570371 -0.001658603 0.01377529 0.008912408 0.999864
Spine1Part1_M -0.2661774 2.818054E-05 0.0007256343 -0.002047523 0.03652554 -0.001448852 0.9993296
Chest_M -0.2653738 -2.731409E-09 -2.969254E-08 0.004747779 0.04173777 -0.007657866 0.999088
frontRump_L -0.2878076 0.3411044 0.2943832 0.836719 0.541424 -0.06334455 0.05242934
frontHip_L 0.4047092 -4.771112E-09 7.943056E-09 -0.09755111 0.001648471 -0.1613747 0.9820587
frontKnee_L 0.4092185 4.492792E-15 6.500461E-09 -1.710391E-07 7.690726E-07 0.1569667 0.9876039
frontAnkle_L 0.3549188 1.306319E-15 9.442946E-09 -0.007278124 0.0678802 -0.1814368 0.98103
frontToes_L 0.2705683 -0.07779121 -6.842853E-09 0.7098657 -0.704337 -3.538516E-07 2.116504E-07
frontToesEnd_L 0.1021949 -1.909584E-16 -2.393122E-09 0 0 0 1
frontRump_R -0.2878076 0.3411045 -0.2943831 -0.5758932 0.816853 0.0245504 0.02226148
frontHip_R -0.4047092 -4.858414E-09 8.031518E-09 0.09392132 0.0004974488 -0.3303396 0.9391775
frontKnee_R -0.3950923 -1.674909E-15 -6.387106E-09 2.584419E-07 1.38269E-06 0.3673094 0.9300989
frontAnkle_R -0.342667 -1.955861E-15 -6.390465E-09 0.008367247 0.06561034 -0.2065807 0.9761914
frontToes_R -0.2705683 0.07779121 6.842841E-09 0.7098602 -0.7043426 -5.396616E-07 3.971536E-07
frontToesEnd_R -0.1021949 -4.973799E-16 2.393121E-09 0 0 0 1
Neck_M -0.4334892 8.526513E-16 -1.217124E-08 -0.006213129 0.0435549 0.1410852 0.9890194
NeckPart1_M -0.09451159 0 1.394745E-08 0.06709387 0.04398055 -0.003058771 0.9967722
NeckPart2_M -0.09451159 3.126388E-15 7.302493E-09 0.06709374 0.04317612 -0.009128422 0.9967703
Head_M -0.09451159 1.98952E-15 6.575365E-10 -0.03650961 0.2026008 0.6887944 0.6951132
Ear_L -0.1192373 0.03953617 0.3826628 0.6997711 -0.1798757 0.6913125 0.007231033
EarPart1_L 0.1839576 -1.223081E-08 9.712267E-10 0 0 -0.1056056 0.9944081
EarPart2_L 0.1839576 -1.223081E-08 9.712261E-10 0 0 -0.1056056 0.9944081
EarEnd_L 0.1839576 -1.075822E-08 9.712281E-10 0 0 0 1
Ear_R -0.1192374 0.03953627 -0.3826627 -0.1720416 -0.6815882 -0.1272446 0.6997486
EarPart1_R -0.1839576 -1.223081E-08 9.712258E-10 -0.07251208 0.04804403 -0.1894621 0.9780276
EarPart2_R -0.1839576 -1.223081E-08 9.712255E-10 -0.07251208 0.04804403 -0.1894621 0.9780276
EarEnd_R -0.1839576 -1.075821E-08 9.712227E-10 0 0 0 1
HeadEnd_M -0.4023567 -2.842171E-16 1.015884E-08 0 0 0 1
Jaw_M 0.3801991 0.3848986 -6.579022E-08 5.086074E-08 -3.018509E-08 0.9423048 -0.334756
JawEnd_M -0.1807524 -3.126388E-15 -6.810329E-09 0 0 0 1
nose1 0.2665761 0.6266168 2.274277E-07 -0.1165919 0.9931357 -0.0006669065 -0.009347783
nose2 -0.3170546 1.065814E-16 7.040026E-17 0.008893644 -0.06105061 0.1464921 0.9872862
nose3 -0.2136122 1.376677E-16 3.519062E-17 -0.0002060646 -0.05823014 0.1365595 0.988919
nose4 -0.2512747 8.082423E-16 8.287496E-17 -0.009366582 -0.1174219 0.1673001 0.9788437
nose5 -0.1692196 1.165734E-17 3.756722E-17 -0.01777107 -0.2082259 0.1893666 0.9594095
nose6 -0.2090752 2.664535E-16 4.559129E-17 -0.001290132 -0.01187163 -0.001927807 0.9999269
nose7 -0.1662924 1.687539E-16 3.391992E-17 3.089167E-05 -0.0004174433 0.06365473 0.9979719
nose8 -0.1478157 -4.884981E-17 -4.558917E-19 3.396052E-17 8.391827E-18 6.938894E-17 1
Tail0_M 0.6981989 0.1441487 -2.547676E-17 -0.6081123 0.793851 -8.584549E-17 -1.137322E-17
Tail1_M -0.1811132 -1.705303E-15 -1.707749E-09 -4.895567E-08 4.77021E-08 -0.1974214 0.9803187
Tail2_M -0.199354 1.705303E-15 -1.733218E-09 -4.109743E-08 3.648135E-08 -0.01810938 0.9998361
Tail3_M -0.3723723 1.278977E-15 -3.1112E-09 -3.642883E-08 3.764186E-08 0.09978445 0.9950091
Tail4_M -0.2850054 9.947598E-16 -2.614071E-09 -3.382142E-08 4.912356E-08 0.1415974 0.9899244
Tail5_M -0.09802369 -5.684342E-16 -9.242775E-10 0 0 0 1