Seahorse -0.061 -0.3486945 -0.2540591 0 0.6251098 0 0.7805368
Dummy002 -0.08792207 0.5191535 -0.2600865 1.463454E-08 0.9939423 -1.323514E-07 0.1099036
Bone001 -0.05629122 0.4125664 -0.2530048 0.07337898 0.08181912 -0.6636202 -0.7399523
Bone002 -0.07089676 0.2753688 -0.2562747 0.06009705 0.09201744 -0.5435014 -0.8321823
Bone003 -0.1147149 0.1730933 -0.2660849 0.0474422 0.0991368 -0.4290541 -0.8965677
Bone004 -0.185306 0.08329207 -0.2818891 0.04631186 0.09966984 -0.4188315 -0.9013885
Bone005 -0.2510304 0.003467977 -0.2966038 0.07084483 0.084023 -0.6407021 -0.7598829
Bone006 -0.2656351 -0.08383954 -0.2998736 0.0876044 0.06636506 -0.7922711 -0.6001897
Bone007 -0.2437278 -0.1636634 -0.2949688 0.0941959 0.05662143 -0.8518829 -0.512071
Bone008 -0.2023457 -0.2434876 -0.285704 0.1056449 0.03029843 -0.9554259 -0.2740125
Bone009 -0.1244498 -0.2933778 -0.2682642 0.1098287 0.004061896 -0.9932631 -0.03673634
Bone010 -0.05872567 -0.2983667 -0.2535496 0.1087658 -0.01577474 -0.983651 0.142661
Bone011 0.006998885 -0.2784106 -0.2388349 0.09348974 -0.05777997 -0.8454982 0.5225459
Bone012 0.03134133 -0.2285206 -0.233385 0.06763604 -0.08662695 -0.6116844 0.7834308
Bone013 0.0167358 -0.1686525 -0.236655 0.03184825 -0.1051882 -0.288029 0.9512944
Bone014 -0.01977771 -0.1437073 -0.2448298 -3.355337E-07 -0.1099039 1.432113E-06 0.9939425
Bone015 -0.06115983 -0.1437076 -0.2540946 -0.04828654 -0.09872821 0.4366899 0.8928737
Bone016 -0.1077412 0.5917234 -0.2645237 -0.06281593 0.09018311 0.5680925 -0.8155931
Bone017 -0.1491237 0.706471 -0.2737886 -0.07596886 0.07942012 0.6870444 -0.7182556
Bone018 -0.1539914 0.8187198 -0.2748784 -0.09931579 0.04706578 0.8981887 -0.4256505
Bone019 -0.1101751 0.8736017 -0.2650687 -0.1092813 0.01167947 0.9883141 -0.1056254
Bone020 -0.02010867 0.893559 -0.2449042 -0.1093366 -0.01115035 0.9888135 0.100842
Bone021 0.2987771 0.8262066 -0.1735106 -0.1033393 0.03741394 0.9345763 -0.3383618
Bone022 0.2987771 0.8262066 -0.1735106 -0.1023582 -0.04002018 0.9257025 0.361934
Bone025 -0.03776472 0.9066921 -0.2908431 -0.8093557 0.351936 -0.3688841 0.2915629
Bone026 -0.02656056 0.8632724 -0.2912534 -0.7691631 -0.4327865 -0.4551293 -0.1180752
Bone027 -0.05547491 0.8587388 -0.1978664 -0.8838973 -0.3490851 0.2875223 0.1191486
Bone028 -0.05442198 0.9035702 -0.1980889 -0.8118892 0.4939338 0.2685592 -0.157294
Bone023 -0.1665145 0.5314414 -0.2776822 0.9548898 -0.2758743 0.1055854 -0.03050429
Bone024 -0.138642 0.4500383 -0.2714419 0.8356813 0.5381059 0.09240386 0.05949996
seahorse -0.07395203 0.387077 -0.1962718 -0.5519229 0.4420194 0.4420194 0.5519229
#
Seahorse -0.061 -0.3486945 -0.2540591 0 0.6251098 0 0.7805368
Dummy002 -0.08792207 0.5191535 -0.2600865 1.463454E-08 0.9939423 -1.323514E-07 0.1099036
Bone001 -0.05629122 0.4125664 -0.2530048 0.08867031 0.06472543 -0.6617506 -0.741643
Bone002 -0.07227215 0.2755148 -0.2500584 0.1425756 -0.02345371 -0.5288186 -0.8363451
Bone003 -0.1213762 0.1774596 -0.2288333 0.1835716 -0.09787416 -0.4317138 -0.8776933
Bone004 -0.1914967 0.09421611 -0.1907444 0.225504 -0.1573558 -0.3055256 -0.9116148
Bone005 -0.271268 0.04344955 -0.146389 0.2254341 -0.2748439 -0.3887472 -0.8500094
Bone006 -0.3196922 -0.004115313 -0.08947439 0.2365636 -0.3735566 -0.4205995 -0.7922055
Bone007 -0.3501325 -0.0447185 -0.02389541 0.2838435 -0.4416241 -0.3646968 -0.7690237
Bone008 -0.3812201 -0.07275873 0.05621403 0.2706888 -0.5397606 -0.4104012 -0.6833426
Bone009 -0.3887938 -0.09804988 0.1465687 0.2803838 -0.6119983 -0.3963527 -0.624298
Bone010 -0.3845206 -0.1082946 0.2131857 0.3203778 -0.6607249 -0.3352172 -0.5902802
Bone011 -0.3776467 -0.1063544 0.2830676 0.2175813 -0.7384676 -0.3675762 -0.5217398
Bone012 -0.3575165 -0.1098242 0.3349715 0.1467948 -0.7626832 -0.3709098 -0.5091094
Bone013 -0.3304552 -0.1193123 0.3896146 0.06885795 -0.7509686 -0.4124036 -0.511105
Bone014 -0.3094064 -0.1336192 0.42669 0.05644627 -0.7136847 -0.4452203 -0.5378172
Bone015 -0.2918021 -0.1505108 0.4613752 -0.06338221 -0.656402 -0.609574 -0.4399308
Bone016 -0.1077412 0.5917234 -0.2645237 -0.06281593 0.09018311 0.5680925 -0.8155931
Bone017 -0.1491237 0.706471 -0.2737886 -0.07596886 0.07942018 0.6870445 -0.7182556
Bone018 -0.1539914 0.8187198 -0.2748784 -0.09931588 0.04706579 0.8981887 -0.4256505
Bone019 -0.1101751 0.8736017 -0.2650687 -0.1092815 0.01167948 0.988314 -0.1056252
Bone020 -0.02010866 0.893559 -0.2449042 -0.1093367 -0.01115036 0.9888135 0.1008421
Bone021 0.2987772 0.8262066 -0.1735106 -0.1033394 0.037414 0.9345763 -0.3383617
Bone022 0.2987772 0.8262066 -0.1735106 -0.1023583 -0.04002026 0.9257023 0.3619341
Bone025 -0.03776469 0.9066921 -0.2908431 -0.723634 0.2937879 -0.514387 0.3541875
Bone026 -0.02656056 0.8632722 -0.2912533 -0.7509478 -0.4313412 -0.4807572 -0.1374589
Bone027 -0.05547491 0.8587388 -0.1978664 -0.8646311 -0.3516279 0.3295879 0.1419261
Bone028 -0.05442197 0.9035702 -0.1980889 -0.7169863 0.4435 0.460782 -0.2773423
Bone023 -0.1665145 0.5314414 -0.2776822 0.951326 -0.2869013 -0.1019947 0.04757652
Bone024 -0.138642 0.4500383 -0.2714419 0.804391 0.5345434 0.2176992 0.1408034
seahorse -0.07395203 0.387077 -0.1962718 -0.5519229 0.4420194 0.4420194 0.5519229
#
Seahorse -0.061 -0.3486945 -0.2540591 0 0.6251098 0 0.7805368
Dummy002 -0.08792207 0.5191535 -0.2600865 1.463454E-08 0.9939423 -1.323514E-07 0.1099036
Bone001 -0.05629122 0.4125664 -0.2530048 0.06201354 0.09073681 -0.5608329 -0.8206019
Bone002 -0.1052118 0.2839817 -0.2639573 0.03409936 0.1044801 -0.3083841 -0.9448918
Bone003 -0.1932272 0.2180914 -0.2836626 0.005888861 0.1097459 -0.05325536 -0.9925146
Bone004 -0.3051087 0.2057521 -0.3087111 0.01180657 0.1092678 -0.1067736 -0.9881907
Bone005 -0.4046752 0.1834428 -0.3310025 0.0463918 0.09963253 -0.4195544 -0.9010523
Bone006 -0.4603118 0.1156489 -0.3434586 0.07258096 0.08252785 -0.6564031 -0.7463621
Bone007 -0.4706477 0.03340763 -0.3457726 0.08547047 0.06909153 -0.7729723 -0.6248482
Bone008 -0.4521614 -0.05497417 -0.3416338 0.1030947 0.03808288 -0.9323627 -0.3444142
Bone009 -0.382362 -0.116169 -0.3260067 0.1097834 0.00513893 -0.9928551 -0.04647753
Bone010 -0.316746 -0.1224781 -0.3113163 0.1076822 -0.02186239 -0.974075 0.1977496
Bone011 -0.2536231 -0.09508544 -0.2971874 0.08565867 -0.06872874 -0.7753792 0.6218736
Bone012 -0.2418052 -0.04063702 -0.2945461 0.05011119 -0.09768108 -0.45399 0.8842177
Bone013 -0.2769003 0.00951159 -0.3023983 0.004272645 -0.1096616 -0.03901328 0.9931942
Bone014 -0.3206521 0.01303878 -0.3121792 -0.03463329 -0.1040811 0.3135132 0.9432274
Bone015 -0.3538035 -0.01234743 -0.3195846 -0.08182582 -0.07301798 0.7413751 0.6620702
Bone016 -0.1077412 0.5917234 -0.2645237 -0.0439204 0.1007464 0.3972058 -0.9111251
Bone017 -0.1889895 0.6813515 -0.2827139 -0.03960066 0.1025213 0.358139 -0.9271773
Bone018 -0.2701637 0.7568839 -0.3008876 -0.0597759 0.09222621 0.540599 -0.8340707
Bone019 -0.2984203 0.8216116 -0.3072138 -0.07512227 0.08022144 0.6793871 -0.725503
Bone020 -0.3044643 0.9158372 -0.308567 -0.09007543 0.06297022 0.8146201 -0.5694869
Bone021 -0.1926447 1.229192 -0.2835323 -0.05381423 0.09582731 0.4866828 -0.8666378
Bone022 -0.1926447 1.229192 -0.2835323 -0.1036476 0.03655125 0.937364 -0.3305601
Bone025 -0.3120956 0.8907943 -0.3522615 -0.8314192 -0.3046493 -0.1780225 0.4292309
Bone026 -0.2680081 0.8951476 -0.3453097 -0.288729 -0.8823804 -0.3601802 0.09116462
Bone027 -0.2860413 0.8867536 -0.2494866 -0.4617128 -0.7856752 0.3486173 -0.2190935
Bone028 -0.3290778 0.8943022 -0.25958 -0.8463133 -0.07166274 0.07169238 -0.522952
Bone023 -0.1665145 0.5314414 -0.2776822 0.950049 -0.3009456 0.07257342 0.03964382
Bone024 -0.138642 0.4500383 -0.2714419 0.7914206 0.5107579 0.2823457 0.1818262
seahorse -0.07395203 0.387077 -0.1962718 -0.5519229 0.4420194 0.4420194 0.5519229
#
Seahorse -0.061 -0.3486945 -0.2540591 0 0.6251098 0 0.7805368
Dummy002 -0.08792207 0.5191535 -0.2600865 1.463454E-08 0.9939423 -1.323514E-07 0.1099036
Bone001 -0.05629122 0.4125664 -0.2530048 0.06643185 0.08755377 -0.600791 -0.7918151
Bone002 -0.09255642 0.2796524 -0.261124 0.04340146 0.100971 -0.3925101 -0.9131576
Bone003 -0.1675608 0.1986037 -0.2779163 0.0185815 0.1083217 -0.1680446 -0.9796338
Bone004 -0.2736553 0.1601732 -0.3016692 -0.06070843 0.09616217 -0.1659864 -0.9795488
Bone005 -0.3704105 0.1274299 -0.3234499 -0.06030638 0.08866724 -0.2734954 -0.9558773
Bone006 -0.4443466 0.08206135 -0.3413874 -0.05147979 0.05887532 -0.3486221 -0.9339948
Bone007 -0.5065364 0.02856421 -0.3534832 -0.05191381 0.02900428 -0.3097967 -0.9489415
Bone008 -0.5794237 -0.02430868 -0.3613662 -0.0224812 0.02373669 -0.4270231 -0.9036494
Bone009 -0.6391202 -0.09685594 -0.3672118 0.009052783 0.009046733 -0.5204698 -0.8537842
Bone010 -0.6700555 -0.1568883 -0.3676187 0.03826439 -0.01340902 -0.5579691 -0.8288704
Bone011 -0.696537 -0.2217916 -0.3630576 0.06205037 -0.05212209 -0.7581999 -0.6469669
Bone012 -0.6878818 -0.2761531 -0.3540473 0.07343227 -0.09309117 -0.8757328 -0.4680108
Bone013 -0.6538702 -0.3258939 -0.3407333 0.06610864 -0.1322449 -0.9551843 -0.256445
Bone014 -0.615208 -0.3471388 -0.3320037 0.0539358 -0.158324 -0.9799621 -0.1081603
Bone015 -0.5740403 -0.355404 -0.3260685 0.003430754 -0.1676081 -0.9660779 0.1964429
Bone016 -0.1077412 0.5917234 -0.2645237 -0.06281593 0.09018311 0.5680925 -0.8155931
Bone017 -0.1491237 0.706471 -0.2737886 -0.07596886 0.07942018 0.6870445 -0.7182556
Bone018 -0.1539914 0.8187198 -0.2748784 -0.09931588 0.04706579 0.8981887 -0.4256505
Bone019 -0.1101751 0.8736017 -0.2650687 -0.1092815 0.01167948 0.988314 -0.1056252
Bone020 -0.02010866 0.893559 -0.2449042 -0.1093367 -0.01115036 0.9888135 0.1008421
Bone021 0.2987772 0.8262066 -0.1735106 -0.1033394 0.037414 0.9345763 -0.3383617
Bone022 0.2987772 0.8262066 -0.1735106 -0.1023583 -0.04002026 0.9257023 0.3619341
Bone025 -0.03776469 0.9066921 -0.2908431 -0.8060941 0.3508949 -0.3745367 0.2946314
Bone026 -0.02656056 0.8632722 -0.2912533 -0.7038702 -0.4200025 -0.5446171 -0.1776434
Bone027 -0.05547491 0.8587388 -0.1978664 -0.8154874 -0.339895 0.4300075 0.1858636
Bone028 -0.05442197 0.9035702 -0.1980889 -0.8084522 0.4938504 0.2757518 -0.1627206
Bone023 -0.1665145 0.5314414 -0.2776822 0.9194014 -0.2794798 0.2756158 0.02506249
Bone024 -0.138642 0.4500383 -0.2714419 0.8256363 0.5619964 0.04077131 0.02867562
seahorse -0.07395203 0.387077 -0.1962718 -0.5519229 0.4420194 0.4420194 0.5519229
#
Seahorse -0.061 -0.3486945 -0.2540591 0 0.6251098 0 0.7805368
Dummy002 -0.08792207 0.5191535 -0.2600865 1.463454E-08 0.9939423 -1.323514E-07 0.1099036
Bone001 -0.05629122 0.4125664 -0.2530048 0.09951201 0.04664983 -0.8999615 -0.4218892
Bone002 0.02985741 0.3064833 -0.2337175 0.107936 0.02070415 -0.9761461 -0.1872429
Bone003 0.1311204 0.2651511 -0.2110462 0.1098685 -0.01429184 -0.9904293 0.08230789
Bone004 0.2420873 0.284314 -0.1862214 0.1085281 -0.0315257 -0.9747285 0.1926968
Bone005 0.3363126 0.3242627 -0.1653935 0.1096306 -0.03335084 -0.9774229 0.1775196
Bone006 0.4171811 0.3556511 -0.1474586 0.11183 -0.03036342 -0.9860539 0.1194558
Bone007 0.4956611 0.3757486 -0.1297727 0.1151432 -0.01610444 -0.9922376 -0.04413114
Bone008 0.5833017 0.3681677 -0.1089903 0.1146509 -0.01989669 -0.9917691 -0.05342008
Bone009 0.6744224 0.3586228 -0.08738309 0.115147 -0.01678901 -0.9899617 -0.08022039
Bone010 0.7392978 0.3481571 -0.07180429 0.1161795 -0.006560043 -0.9790173 -0.1672864
Bone011 0.8037157 0.3252551 -0.05567032 0.1141236 -0.02272724 -0.9927872 -0.02886674
Bone012 0.8579485 0.3223473 -0.04295766 0.111784 -0.03232696 -0.991657 0.05546013
Bone013 0.9177374 0.3295813 -0.0294975 0.1080186 -0.04327457 -0.9812384 0.1537231
Bone014 0.959533 0.3435682 -0.02056265 0.1069203 -0.04592128 -0.9771554 0.1778382
Bone015 0.9982876 0.3587231 -0.01239425 0.09661648 -0.06485346 -0.9275921 0.3550102
Bone016 -0.1077412 0.5917234 -0.2645237 -0.06281593 0.09018311 0.5680925 -0.8155931
Bone017 -0.1491237 0.706471 -0.2737886 -0.07596886 0.07942018 0.6870445 -0.7182556
Bone018 -0.1539914 0.8187198 -0.2748784 -0.09931588 0.04706579 0.8981887 -0.4256505
Bone019 -0.1101751 0.8736017 -0.2650687 -0.1092815 0.01167948 0.988314 -0.1056252
Bone020 -0.02010866 0.893559 -0.2449042 -0.1093367 -0.01115036 0.9888135 0.1008421
Bone021 0.2987772 0.8262066 -0.1735106 -0.1033394 0.037414 0.9345763 -0.3383617
Bone022 0.2987772 0.8262066 -0.1735106 -0.1023583 -0.04002026 0.9257023 0.3619341
Bone025 -0.03776469 0.9066921 -0.2908431 -0.8045676 0.3496941 -0.3777935 0.29607
Bone026 -0.02656056 0.8632722 -0.2912533 -0.6465155 -0.3942254 -0.6177023 -0.2122451
Bone027 -0.05547491 0.8587388 -0.1978664 -0.7586319 -0.2958413 0.5384228 0.2169251
Bone028 -0.05442197 0.9035702 -0.1980889 -0.8069804 0.4929636 0.280026 -0.1653939
Bone023 -0.1665145 0.5314414 -0.2776822 0.921047 -0.2807145 0.2687285 0.02562474
Bone024 -0.138642 0.4500383 -0.2714419 0.8264934 0.5297569 -0.1598559 -0.1035016
seahorse -0.07395203 0.387077 -0.1962718 -0.5519229 0.4420194 0.4420194 0.5519229