spider_black (1) -1.2 -2 3 0 0 0 1
Spider 0 0 0 -0.7071068 0 0 0.7071067
Bone 0 0.00378405 0.01089395 0.9977076 -0.001754552 0.02854072 -0.06133467
Ass -4.962317E-06 -0.0008279767 0.0001020675 0.982671 -0.008891946 0.159894 -0.09334058
Ass_end 0 0.008724693 0 0 0 0 1
Bone.002 -4.401275E-11 0.004778468 -4.886571E-12 -0.04428649 -0.02833821 -0.001277 0.9986161
L.Bone.014 -0.001466502 0.00520553 1.388417E-05 0.1113808 0.08224695 -0.07634667 0.9874213
L.Bone.014_end 0 0.001960643 0 0 0 0 1
R.Bone.014 0.001466488 0.00520553 1.522543E-05 0.1113458 -0.08269838 0.07639753 0.9873837
R.Bone.014_end 0 0.001960643 0 0 0 0 1
L.Leg -0.003485408 0.007428778 0.001677738 -0.4062777 0.6207283 0.1322456 0.657378
L.Bone.012 -1.490116E-09 0.009420818 2.980232E-10 -0.1170538 0.4658461 0.3484083 0.8049208
L.Bone.013 -5.960464E-10 0.006058358 -1.341104E-09 -0.1894984 0.2362822 0.05121202 0.9516504
L.Bone.013_end 0 0.009372279 0 0 0 0 1
L.Leg.001 -0.003772971 0.005723183 0.00218765 -0.6077881 0.5353665 0.1058501 0.576864
L.Bone.009 1.490116E-09 0.009040783 -5.960464E-10 -0.2918324 0.2590997 0.4033356 0.8276603
L.Bone.010 -2.980232E-10 0.005186381 2.980232E-10 -0.1941477 0.04626201 0.3424817 0.918081
L.Bone.010_end 0 0.009689481 0 0 0 0 1
L.Leg.002 -0.003758687 0.003735069 0.002551192 0.6825817 -0.5330189 -0.1818275 -0.4657381
L.Bone.006 -5.587935E-10 0.008784518 0 -0.1153727 0.2217491 0.4749454 0.8437674
L.Bone.007 -1.806766E-09 0.005476792 -3.911555E-10 -0.1854117 0.07332251 0.3166187 0.9273612
L.Bone.007_end 0 0.009494682 0 0 0 0 1
L.Leg.003 -0.003920042 0.002016956 0.002664016 0.8241975 -0.2840536 -0.2474175 -0.4228436
L.Bone.003 7.45058E-11 0.009176553 -2.980232E-10 -0.1093909 0.01895009 0.5162318 0.8492228
L.Bone.004 1.788139E-09 0.005492451 5.960464E-10 -0.2042248 -0.0007682883 0.3892079 0.8982254
L.Bone.004_end 0 0.00977672 0 0 0 0 1
R.Leg 0.003271124 0.007428778 0.002064614 -0.5159864 -0.561004 -0.08516301 0.6417009
R.Bone.012 2.980232E-10 0.009420812 3.352761E-10 -0.2020365 -0.4103341 -0.4963683 0.7378522
R.Bone.013 0 0.00605836 3.72529E-10 -0.3891071 -0.2202694 -0.1086241 0.8878502
R.Bone.013_end 0 0.009372279 0 0 0 0 1
R.Leg.001 0.003498604 0.005723183 0.002604019 0.4592134 0.7161359 0.1748231 -0.4956907
R.Bone.009 0 0.009040779 1.490116E-10 -0.2039226 -0.3486456 -0.2881554 0.8682329
R.Bone.010 2.980232E-10 0.005186384 -5.960464E-10 -0.04590569 -0.08105779 -0.2250054 0.9698943
R.Bone.010_end 0 0.009689481 0 0 0 0 1
R.Leg.002 0.003442916 0.003735069 0.002963554 0.7293316 0.4164991 0.2611802 -0.4758035
R.Bone.006 1.192093E-09 0.008784513 0 -0.1416853 -0.1393454 -0.4509175 0.8701618
R.Bone.007 2.905726E-09 0.005476792 1.192093E-09 -0.3123252 -0.04025544 -0.386774 0.86674
R.Bone.007_end 0 0.009494682 0 0 0 0 1
R.Leg.003 0.003590339 0.002016956 0.003094057 0.8008125 0.3768294 0.2546989 -0.3896504
R.Bone.003 -5.215406E-10 0.009176552 4.470348E-10 -0.1072907 -0.08235446 -0.5810115 0.8025784
R.Bone.004 5.960464E-10 0.005492452 -5.960464E-10 -0.1797597 -0.02497752 -0.4506965 0.8740339
R.Bone.004_end 0 0.00977672 0 0 0 0 1
Spider.005 0 0 0 -0.7071068 0 0 0.7071067
#
spider_black (1) -1.2 -2 3 0 0 0 1
Spider 0 0 0 -0.7071068 0 0 0.7071067
Bone 0 0.00378405 0.01089395 0.9977076 -0.001754552 0.02854072 -0.06133467
Ass -4.962317E-06 -0.0008279767 0.0001020675 0.9830938 -0.02634069 0.1696078 -0.06376544
Ass_end 0 0.008724693 0 0 0 0 1
Bone.002 -4.401275E-11 0.004778468 -4.886571E-12 -0.04428649 -0.02833821 -0.001277 0.9986161
L.Bone.014 -0.001466502 0.00520553 1.388417E-05 0.1113808 0.08224695 -0.07634667 0.9874213
L.Bone.014_end 0 0.001960643 0 0 0 0 1
R.Bone.014 0.001466488 0.00520553 1.522543E-05 0.1113458 -0.08269838 0.07639753 0.9873837
R.Bone.014_end 0 0.001960643 0 0 0 0 1
L.Leg -0.003485408 0.007428778 0.001677738 -0.6777545 0.3266861 -0.3105115 0.5809541
L.Bone.012 -1.490116E-09 0.009420818 2.980232E-10 -0.1350729 0.5500492 0.4070291 0.7166091
L.Bone.013 -5.960464E-10 0.006058358 -1.341104E-09 -0.3958048 0.2653549 0.1871706 0.8590067
L.Bone.013_end 0 0.009372279 0 0 0 0 1
L.Leg.001 -0.003772971 0.005723183 0.00218765 -0.5989428 0.5503014 0.1240018 0.5683832
L.Bone.009 1.490116E-09 0.009040783 -5.960464E-10 -0.289103 0.2594594 0.3994463 0.8303872
L.Bone.010 -2.980232E-10 0.005186381 2.980232E-10 -0.1857742 0.04623957 0.3315127 0.9238231
L.Bone.010_end 0 0.009689481 0 0 0 0 1
L.Leg.002 -0.003758687 0.003735069 0.002551192 0.7300805 -0.434866 -0.2014054 -0.4871447
L.Bone.006 -5.587935E-10 0.008784518 0 -0.1487142 0.1625953 0.4964404 0.8396391
L.Bone.007 -1.806766E-09 0.005476792 -3.911555E-10 -0.2480329 0.0528108 0.3420832 0.9048037
L.Bone.007_end 0 0.009494682 0 0 0 0 1
L.Leg.003 -0.003920042 0.002016956 0.002664016 0.8206597 -0.3003257 -0.2617688 -0.4096331
L.Bone.003 7.45058E-11 0.009176553 -2.980232E-10 -0.1087863 0.01597823 0.5109681 0.8525385
L.Bone.004 1.788139E-09 0.005492451 5.960464E-10 -0.1995724 -0.001993289 0.3749619 0.9053013
L.Bone.004_end 0 0.00977672 0 0 0 0 1
R.Leg 0.003271124 0.007428778 0.002064614 -0.7193098 -0.2823944 0.3042528 0.5570252
R.Bone.012 2.980232E-10 0.009420812 3.352761E-10 -0.1175663 -0.5495458 -0.3361148 0.7557808
R.Bone.013 0 0.00605836 3.72529E-10 -0.3684172 -0.2643831 -0.1594804 0.8768901
R.Bone.013_end 0 0.009372279 0 0 0 0 1
R.Leg.001 0.003498604 0.005723183 0.002604019 -0.5810834 -0.5921239 -0.1794032 0.528721
R.Bone.009 0 0.009040779 1.490116E-10 -0.2720444 -0.2617034 -0.365948 0.8506382
R.Bone.010 2.980232E-10 0.005186384 -5.960464E-10 -0.1573778 -0.04773136 -0.2971823 0.9405513
R.Bone.010_end 0 0.009689481 0 0 0 0 1
R.Leg.002 0.003442916 0.003735069 0.002963554 0.7293316 0.4164991 0.2611802 -0.4758035
R.Bone.006 1.192093E-09 0.008784513 0 -0.1625492 -0.1622343 -0.5394205 0.8101132
R.Bone.007 2.905726E-09 0.005476792 1.192093E-09 -0.1903582 -0.05693111 -0.275622 0.9405079
R.Bone.007_end 0 0.009494682 0 0 0 0 1
R.Leg.003 0.003590339 0.002016956 0.003094057 0.8088201 0.2881866 0.3087962 -0.4091496
R.Bone.003 -5.215406E-10 0.009176552 4.470348E-10 -0.1308267 -0.002327938 -0.5476122 0.826438
R.Bone.004 5.960464E-10 0.005492452 -5.960464E-10 -0.2286033 0.004086911 -0.4202572 0.8781274
R.Bone.004_end 0 0.00977672 0 0 0 0 1
Spider.005 0 0 0 -0.7071068 0 0 0.7071067
#
spider_black (1) -1.2 -2 3 0 0 0 1
Spider 0 0 0 -0.7071068 0 0 0.7071067
Bone -1.371926E-09 0.003784049 0.007690927 0.9977076 -0.001754552 0.02854072 -0.06133467
Ass -4.962317E-06 -0.0008279767 0.0001020675 0.982671 -0.008891946 0.159894 -0.09334058
Ass_end 0 0.008724693 0 0 0 0 1
Bone.002 -4.401275E-11 0.004778468 -4.886571E-12 -0.04450693 -0.02987114 -0.1135234 0.9920884
L.Bone.014 -0.001466502 0.00520553 1.388417E-05 0.1113808 0.08224718 -0.07634685 0.9874213
L.Bone.014_end 0 0.001960643 0 0 0 0 1
R.Bone.014 0.001466488 0.00520553 1.522543E-05 0.1113458 -0.08269864 0.07639778 0.9873837
R.Bone.014_end 0 0.001960643 0 0 0 0 1
L.Leg -0.003485408 0.007428778 0.001677738 -0.5356176 0.5077177 0.04089942 0.6735457
L.Bone.012 -1.490116E-09 0.009420818 2.980232E-10 -0.1713118 0.4248471 0.4309897 0.777435
L.Bone.013 -5.960464E-10 0.006058358 -1.341104E-09 -0.3283375 0.2219754 0.08172306 0.9144632
L.Bone.013_end 0 0.009372279 0 0 0 0 1
L.Leg.001 -0.003772971 0.005723183 0.00218765 -0.6415381 0.4706993 0.03774663 0.6045215
L.Bone.009 1.490116E-09 0.009040783 -5.960464E-10 -0.3018672 0.2539259 0.4156011 0.819557
L.Bone.010 -2.980232E-10 0.005186381 2.980232E-10 -0.2202442 0.04483495 0.3724119 0.9004398
L.Bone.010_end 0 0.009689481 0 0 0 0 1
L.Leg.002 -0.003758687 0.003735069 0.002551192 0.7623137 -0.3457747 -0.1167332 -0.5345008
L.Bone.006 -5.587935E-10 0.008784518 0 -0.1540251 0.1688682 0.513216 0.8272662
L.Bone.007 -1.806766E-09 0.005476792 -3.911555E-10 -0.2804469 0.05504931 0.3927982 0.8740875
L.Bone.007_end 0 0.009494682 0 0 0 0 1
L.Leg.003 -0.003920042 0.002016956 0.002664016 0.8335007 -0.2154331 -0.1897198 -0.4720929
L.Bone.003 7.45058E-11 0.009176553 -2.980232E-10 -0.1109716 0.02412934 0.5244468 0.8438357
L.Bone.004 1.788139E-09 0.005492451 5.960464E-10 -0.2180203 0.001556483 0.4254651 0.878319
L.Bone.004_end 0 0.00977672 0 0 0 0 1
R.Leg 0.003271124 0.007428778 0.002064614 -0.571082 -0.5080601 -0.02058686 0.6444505
R.Bone.012 2.980232E-10 0.009420812 3.352761E-10 -0.2070615 -0.40831 -0.5082375 0.729454
R.Bone.013 0 0.00605836 3.72529E-10 -0.425741 -0.2169714 -0.1213363 0.8700261
R.Bone.013_end 0 0.009372279 0 0 0 0 1
R.Leg.001 0.003498604 0.005723183 0.002604019 -0.6248145 -0.5225316 -0.1001185 0.5714402
R.Bone.009 0 0.009040779 1.490116E-10 -0.2837255 -0.2569397 -0.3808895 0.8416681
R.Bone.010 2.980232E-10 0.005186384 -5.960464E-10 -0.1910461 -0.04609061 -0.3365923 0.9209141
R.Bone.010_end 0 0.009689481 0 0 0 0 1
R.Leg.002 0.003442916 0.003735069 0.002963554 0.7293316 0.4164991 0.2611802 -0.4758035
R.Bone.006 1.192093E-09 0.008784513 0 -0.04936285 -0.2133582 -0.2678927 0.9382298
R.Bone.007 2.905726E-09 0.005476792 1.192093E-09 -0.3735481 -0.0503281 -0.5409124 0.7518927
R.Bone.007_end 0 0.009494682 0 0 0 0 1
R.Leg.003 0.003590339 0.002016956 0.003094057 0.820538 0.2006773 0.2331511 -0.4817537
R.Bone.003 -5.215406E-10 0.009176552 4.470348E-10 -0.130945 -0.01014489 -0.557431 0.819769
R.Bone.004 5.960464E-10 0.005492452 -5.960464E-10 -0.2469962 0.001061666 -0.4684733 0.8482479
R.Bone.004_end 0 0.00977672 0 0 0 0 1
Spider.005 0 0 0 -0.7071068 0 0 0.7071067
#
spider_black (1) -1.2 -2 3 0 0 0 1
Spider 0 0 0 -0.7071068 0 0 0.7071067
Bone 0 0.00378405 0.01089395 0.9977076 -0.001754552 0.02854072 -0.06133467
Ass -4.962317E-06 -0.0008279767 0.0001020675 0.9829865 -0.0312618 0.1723117 -0.0553993
Ass_end 0 0.008724693 0 0 0 0 1
Bone.002 -4.401275E-11 0.004778468 -4.886571E-12 -0.04428649 -0.02833821 -0.001277 0.9986161
L.Bone.014 -0.001466502 0.00520553 1.388417E-05 0.1113808 0.08224695 -0.07634667 0.9874213
L.Bone.014_end 0 0.001960643 0 0 0 0 1
R.Bone.014 0.001466488 0.00520553 1.522543E-05 0.1113458 -0.08269838 0.07639753 0.9873837
R.Bone.014_end 0 0.001960643 0 0 0 0 1
L.Leg -0.003485408 0.007428778 0.001677738 -0.6806605 0.2987162 -0.3077478 0.593937
L.Bone.012 -1.490116E-09 0.009420818 2.980232E-10 -0.1165867 0.5416577 0.351124 0.7548022
L.Bone.013 -5.960464E-10 0.006058358 -1.341104E-09 -0.352914 0.2606032 0.1517479 0.8857259
L.Bone.013_end 0 0.009372279 0 0 0 0 1
L.Leg.001 -0.003772971 0.005723183 0.00218765 -0.5989428 0.5503014 0.1240018 0.5683832
L.Bone.009 1.490116E-09 0.009040783 -5.960464E-10 -0.289103 0.2594594 0.3994463 0.8303872
L.Bone.010 -2.980232E-10 0.005186381 2.980232E-10 -0.1857742 0.04623957 0.3315127 0.9238231
L.Bone.010_end 0 0.009689481 0 0 0 0 1
L.Leg.002 -0.003758687 0.003735069 0.002551192 0.7300805 -0.434866 -0.2014054 -0.4871447
L.Bone.006 -5.587935E-10 0.008784518 0 -0.1487142 0.1625953 0.4964404 0.8396391
L.Bone.007 -1.806766E-09 0.005476792 -3.911555E-10 -0.2480329 0.0528108 0.3420832 0.9048037
L.Bone.007_end 0 0.009494682 0 0 0 0 1
L.Leg.003 -0.003920042 0.002016956 0.002664016 0.8206597 -0.3003257 -0.2617688 -0.4096331
L.Bone.003 7.45058E-11 0.009176553 -2.980232E-10 -0.1087863 0.01597823 0.5109681 0.8525385
L.Bone.004 1.788139E-09 0.005492451 5.960464E-10 -0.1995724 -0.001993289 0.3749619 0.9053013
L.Bone.004_end 0 0.00977672 0 0 0 0 1
R.Leg 0.003271124 0.007428778 0.002064614 -0.418303 -0.675197 0.1009689 0.5991134
R.Bone.012 2.980232E-10 0.009420812 3.352761E-10 -0.1428654 -0.5720987 -0.5182617 0.619433
R.Bone.013 0 0.00605836 3.72529E-10 -0.3306811 -0.2878722 -0.213491 0.8730414
R.Bone.013_end 0 0.009372279 0 0 0 0 1
R.Leg.001 0.003498604 0.005723183 0.002604019 -0.5810834 -0.5921239 -0.1794032 0.528721
R.Bone.009 0 0.009040779 1.490116E-10 -0.2720444 -0.2617034 -0.365948 0.8506382
R.Bone.010 2.980232E-10 0.005186384 -5.960464E-10 -0.1573778 -0.04773136 -0.2971823 0.9405513
R.Bone.010_end 0 0.009689481 0 0 0 0 1
R.Leg.002 0.003442916 0.003735069 0.002963554 0.7293316 0.4164991 0.2611802 -0.4758035
R.Bone.006 1.192093E-09 0.008784513 0 -0.1625492 -0.1622343 -0.5394205 0.8101132
R.Bone.007 2.905726E-09 0.005476792 1.192093E-09 -0.1903582 -0.05693111 -0.275622 0.9405079
R.Bone.007_end 0 0.009494682 0 0 0 0 1
R.Leg.003 0.003590339 0.002016956 0.003094057 0.8088201 0.2881866 0.3087962 -0.4091496
R.Bone.003 -5.215406E-10 0.009176552 4.470348E-10 -0.1308267 -0.002327938 -0.5476122 0.826438
R.Bone.004 5.960464E-10 0.005492452 -5.960464E-10 -0.2286033 0.004086911 -0.4202572 0.8781274
R.Bone.004_end 0 0.00977672 0 0 0 0 1
Spider.005 0 0 0 -0.7071068 0 0 0.7071067
#
spider_black (1) -1.2 -2 3 0 0 0 1
Spider 0 0 0 -0.7071068 0 0 0.7071067
Bone 0 0.00378405 0.01089395 0.9977076 -0.001754552 0.02854072 -0.06133467
Ass -4.962317E-06 -0.0008279767 0.0001020675 0.982671 -0.008891946 0.159894 -0.09334058
Ass_end 0 0.008724693 0 0 0 0 1
Bone.002 -4.401275E-11 0.004778468 -4.886571E-12 -0.04428649 -0.02833821 -0.001277 0.9986161
L.Bone.014 -0.001466502 0.00520553 1.388417E-05 0.1113808 0.08224695 -0.07634667 0.9874213
L.Bone.014_end 0 0.001960643 0 0 0 0 1
R.Bone.014 0.001466488 0.00520553 1.522543E-05 0.1113458 -0.08269838 0.07639753 0.9873837
R.Bone.014_end 0 0.001960643 0 0 0 0 1
L.Leg -0.003485408 0.007428778 0.001677738 -0.4879849 0.5545536 0.08088099 0.6691781
L.Bone.012 -1.490116E-09 0.009420818 2.980232E-10 -0.1456651 0.4421388 0.3908444 0.7940627
L.Bone.013 -5.960464E-10 0.006058358 -1.341104E-09 -0.2639911 0.2285203 0.06611416 0.9347278
L.Bone.013_end 0 0.009372279 0 0 0 0 1
L.Leg.001 -0.003772971 0.005723183 0.00218765 -0.5390415 0.6253371 0.1460518 0.5450292
L.Bone.009 1.490116E-09 0.009040783 -5.960464E-10 -0.2446825 0.3042449 0.3467401 0.8528405
L.Bone.010 -2.980232E-10 0.005186381 2.980232E-10 -0.1115467 0.06328407 0.2787701 0.9517562
L.Bone.010_end 0 0.009689481 0 0 0 0 1
L.Leg.002 -0.003758687 0.003735069 0.002551192 0.7497801 -0.3815847 -0.153782 -0.5182413
L.Bone.006 -5.587935E-10 0.008784518 0 -0.1461004 0.1635943 0.4896001 0.8439096
L.Bone.007 -1.806766E-09 0.005476792 -3.911555E-10 -0.2588846 0.05221897 0.354298 0.8970646
L.Bone.007_end 0 0.009494682 0 0 0 0 1
L.Leg.003 -0.003920042 0.002016956 0.002664016 0.8075877 -0.3691514 -0.2461337 -0.3885196
L.Bone.003 7.45058E-11 0.009176553 -2.980232E-10 -0.09226545 0.05746818 0.5222905 0.8458115
L.Bone.004 1.788139E-09 0.005492451 5.960464E-10 -0.1676683 0.0119107 0.3751472 0.9115976
L.Bone.004_end 0 0.00977672 0 0 0 0 1
R.Leg 0.003271124 0.007428778 0.002064614 -0.4241363 -0.6460811 -0.1163496 0.6238192
R.Bone.012 2.980232E-10 0.009420812 3.352761E-10 -0.1322045 -0.4676649 -0.3958288 0.7791862
R.Bone.013 0 0.00605836 3.72529E-10 -0.2406524 -0.2380359 -0.07844133 0.9376953
R.Bone.013_end 0 0.009372279 0 0 0 0 1
R.Leg.001 0.003498604 0.005723183 0.002604019 0.6180556 0.5385945 0.08588528 -0.5661686
R.Bone.009 0 0.009040779 1.490116E-10 -0.2829035 -0.2730867 -0.3927566 0.8313432
R.Bone.010 2.980232E-10 0.005186384 -5.960464E-10 -0.187947 -0.05200909 -0.3502531 0.9161298
R.Bone.010_end 0 0.009689481 0 0 0 0 1
R.Leg.002 0.003442916 0.003735069 0.002963554 0.7293316 0.4164991 0.2611802 -0.4758035
R.Bone.006 1.192093E-09 0.008784513 0 -0.1219034 -0.2211018 -0.7424462 0.6205057
R.Bone.007 2.905726E-09 0.005476792 1.192093E-09 0.004906953 -0.0937484 0.008797789 0.995545
R.Bone.007_end 0 0.009494682 0 0 0 0 1
R.Leg.003 0.003590339 0.002016956 0.003094057 0.8088201 0.2881866 0.3087962 -0.4091496
R.Bone.003 -5.215406E-10 0.009176552 4.470348E-10 -0.1308267 -0.002327938 -0.5476122 0.826438
R.Bone.004 5.960464E-10 0.005492452 -5.960464E-10 -0.2286033 0.004086911 -0.4202572 0.8781274
R.Bone.004_end 0 0.00977672 0 0 0 0 1
Spider.005 0 0 0 -0.7071068 0 0 0.7071067