Swan1 (1) -0.6 -0.7001341 1.7 0 0 0 1
BoneParent 1.944793E-05 -7.550335E-05 -0.0310176 6.657903E-08 0 0 1
RootNode -1.944974E-05 0.130483 0.03101759 0 0 0 1
Pelvis -1.652972E-25 0.04309481 -0.03501661 1.314927E-08 0 0 1
L_Femur -0.03178126 0.008641648 0.006874032 -0.09968472 0.4687539 0.8584886 0.1825651
L_Tibia -2.980605E-09 0.03910423 -4.252766E-08 0.1590328 -0.2945627 0.9326837 -0.1343227
L_Tarsus.1 -3.027916E-09 0.08934754 9.840726E-09 -0.05869613 0.9511249 -0.3010738 0.03564804
L_Tarsus.2 -7.56979E-09 0.06961838 6.434322E-09 -0.8354539 0.03936026 0.07182293 0.5434235
L.Digit.0 -0.001041635 0.007196235 -0.009556469 -0.09335662 0.02833816 -0.04555545 0.9941862
L.Digit.1.1 0.00960304 0.007158852 0.002357503 0.6725564 0.01879112 -0.02061478 0.73952
L.Digit.1.2 4.541874E-09 0.0314137 1.324713E-08 -5.797243E-05 0.002646473 0.02189382 0.9997568
L.Digit.2.1 7.56979E-10 0.006937467 1.513958E-09 0.6732402 -1.688166E-07 1.668928E-07 0.7394239
L.Digit.2.2 0 0.03106652 1.958683E-08 3.065863E-07 -0.0001608291 0.00186228 0.9999983
L.Digit.3.1 -0.006472189 0.00704079 0.001100159 0.6725464 -0.01900344 0.02084715 0.7395172
L.Digit.3.3 -4.541874E-09 0.03050261 3.359094E-09 -3.065956E-05 -0.003268104 -0.009386857 0.9999506
R_Femur 0.03167285 0.008641648 0.006874032 0.09968495 0.4687541 0.8584886 -0.1825649
R_Tibia 1.31052E-08 0.03910425 -2.209713E-09 -0.1565028 -0.2948095 0.9327576 0.1362263
R_Tarsus.1 -1.513958E-09 0.08934755 -1.703203E-08 0.06037292 0.9499879 -0.3044488 -0.03448183
R_Tarsus.2 6.055832E-09 0.06961838 -1.513958E-08 -0.8358947 -0.03919611 -0.07182196 0.5427572
R.Digit.0 0.0009593714 0.007377627 -0.009747301 -0.09420773 -0.02558411 0.04395334 0.9942527
R.Digit.1.1 -0.009603048 0.007158842 0.002357503 0.6724598 -0.02255274 0.02474244 0.7393761
R.Digit.1.2 -6.055832E-09 0.03141366 -6.59991E-09 -2.698423E-05 -0.001303409 -0.02062773 0.9997864
R.Digit.2.1 2.270937E-09 0.006937462 6.434322E-09 0.6732404 -1.788277E-07 1.610358E-07 0.7394237
R.Digit.2.2 0 0.03106651 -1.262026E-08 1.244903E-06 0.001011446 -0.00118769 0.9999988
R.Digit.3.1 0.006472184 0.007040782 0.001100171 0.6724284 0.02423295 -0.026588 0.7392876
R.Digit.3.2 -5.298853E-09 0.0305026 -3.962312E-09 -3.845284E-05 0.00378569 0.01015462 0.9999413
Spline.1 0 0.02238972 0 0.0007522625 0.7340106 0.6791372 -0.0008147216
Spine.2 2.233413E-14 0.04255072 -8.941815E-09 -0.01958818 -4.560362E-06 1.715494E-08 0.9998081
L_Breast 0.04452707 0.04774738 -0.03407342 -0.01900169 0.00289033 0.1501752 0.9884726
L_Coracoid 0.03731622 0.01683924 0.005497423 0.1453284 0.01575135 0.08422932 0.9856658
L_Humerus 2.065923E-09 0.05751614 -2.043843E-08 0.1759167 0.06267262 0.7547606 -0.6288578
L_ScapularFeather.3.1 -0.01760739 0.009721869 -0.01443116 0.1848328 0.5115529 0.8305212 -0.119938
L_ScapularFeather.3.2 8.137524E-09 0.02970628 1.81675E-08 -0.1527117 0.5422485 0.5178898 0.6437669
L_ScapularFeather.2.1 -0.04272524 0.01770332 0.008295434 0.009690639 0.004957899 -0.05427058 0.998467
L_ScapularFeather.1.1 -0.03182777 0.01020238 -0.003220597 0.02376299 -0.0003453205 0.008246955 0.9996836
L_ScapularFeather.1.2 2.871332E-09 0.06374732 -3.115659E-09 0.06977046 -0.0006766574 -0.009674181 0.997516
L_ScapularFeather.2.2 7.142994E-09 0.0592156 -1.39361E-08 0.09963469 4.880966E-05 0.001427125 0.9950231
L_Tertial.0.1 0.009548017 0.07384753 3.096797E-08 0.04973723 -0.04669013 -0.6828248 0.7273903
L_Tertial.0.2 -4.234352E-09 0.07240871 -2.224119E-09 0.06816621 -0.001490417 -0.02180835 0.9974345
L_Tertial.1.1 0.01010314 0.05383381 3.612078E-08 0.04973723 -0.04669013 -0.6828248 0.7273903
L_Tertial.1.2 2.188142E-09 0.07240871 -1.940918E-09 0.06816623 -0.001490417 -0.02180835 0.9974345
L_Tertial.2.1 0.008385906 0.04361141 3.899119E-08 0.04775803 -0.04871276 -0.7124048 0.6984453
L_Tertial.2.2 5.003151E-09 0.06583965 2.428588E-08 0.06816944 0.001337972 0.01957764 0.9974808
L_Tertial.3.1 0.00490037 0.03091197 4.271834E-08 0.04844414 -0.04803046 -0.7024266 0.7084795
L_Tertial.3.2 -9.463072E-11 0.06575248 4.180802E-10 0.06817254 -0.001169118 -0.01710702 0.9975262
L_Ulna -4.219533E-09 0.1423809 1.423472E-08 0.06613229 0.001746981 -0.2402424 -0.968456
L_Alula.1 -0.002713007 0.1566162 0.0002845942 0.01631658 0.01192938 0.2944556 -0.9554514
L_Alula.2 1.26794E-08 0.04424651 7.948279E-09 0.04696239 0.0001238158 -0.002633574 0.9988932
L_D_Covert.1 0.00314658 -0.0423215 -0.01281424 -0.04895033 0.03503405 0.8578693 -0.5103301
L_D_Covert.2 7.891687E-09 0.04648309 -2.839459E-09 0.06762598 0.009580676 0.1399433 0.987801
L_Metacarpus 3.973056E-09 0.1515413 -9.083748E-09 0.00227257 0.004870691 -0.1743093 0.9846763
L_Pimary.1.1 0.007592395 0.0841048 -0.0009193098 0.07866725 0.0040956 -0.07949952 0.9937176
L_Pimary.1.2 6.135036E-09 0.1068323 -1.259516E-08 0.1232971 -0.003051833 -0.0245554 0.9920613
L_Pimary.2.1 0.009721212 0.06882998 -0.0008731973 0.0786229 0.001671626 -0.1300122 0.9883888
L_Pimary.2.2 2.973765E-09 0.1210249 1.330846E-08 0.05345855 -0.0008256481 -0.0154207 0.9984507
L_Pimary.3.1 0.009964862 0.05432514 -0.0002544851 0.07823798 -0.0003500079 -0.1665725 0.9829203
L_Pimary.3.2 5.918827E-09 0.1213932 -8.154469E-09 0.05345944 -0.000763785 -0.01426533 0.9984679
L_Pimary.4.1 0.01012366 0.04488878 -0.000186796 0.07695248 -0.002025547 -0.2036599 0.9760107
L_Pimary.4.2 5.581578E-09 0.1200456 1.0413E-08 0.05346489 3.579457E-05 0.0006685671 0.9985695
L_Pimary.5.1 0.009082411 0.03790366 -4.982088E-05 0.07562236 -0.003607577 -0.2453721 0.9664682
L_Pimary.5.2 -5.661546E-09 0.1091609 2.528787E-08 0.05321502 -0.0001500989 -0.002816703 0.9985791
L_Pimary.6.1 0.008725789 0.03156197 -0.0001779424 0.07513616 -0.00574355 -0.2894426 0.9542246
L_Pimary.6.2 3.113525E-09 0.09872128 2.001157E-08 0.05320293 -0.001143599 -0.02145959 0.9983525
L_Pimary.7.1 0.007944868 0.0250867 -0.0001270921 0.0737368 -0.007944419 -0.3291526 0.9413598
L_Pimary.7.2 -1.904678E-08 0.08784254 1.50347E-09 0.0532131 -0.000472675 -0.008869805 0.9985437
L_Pimary.8.1 0.007664779 0.01970297 -0.0002078343 0.07282047 -0.009983623 -0.366475 0.9275202
L_Pimary.8.2 -1.861761E-08 0.07696792 -8.840389E-09 0.05320388 -0.001098281 -0.02060923 0.9983704
L_Pimary.9.1 0.006475307 0.01386901 6.033314E-05 0.07110547 -0.01148192 -0.4045469 0.9116765
L_Pimary.9.2 2.952674E-08 0.07168683 -1.534809E-08 0.05316061 -0.002410813 -0.04523891 0.9975578
LBasalPhalanx 2.592916E-09 0.08401702 -1.532882E-08 0.06668403 0.004741764 -0.0325579 0.9972315
L_TerminalPhalanx -8.803865E-09 0.06457734 7.469355E-10 0.05300972 -0.004356441 -0.08178963 0.9952294
L_Secondary.0.1 0.00947199 0.1607861 -0.0001039896 -0.05661204 0.006102001 0.6193125 -0.7830772
L_Secondary.0.2 2.149106E-09 0.06835213 9.44012E-09 0.04184186 -0.001954196 -0.04661254 0.9980344
L_Secondary.1.1 0.01022474 0.1518254 -0.0007529033 -0.04606117 -7.874817E-05 0.632192 -0.7734414
L_Secondary.1.2 -5.200111E-09 0.0651629 -6.396986E-10 0.03044188 -0.001800856 -0.05902673 0.9977905
L_Secondary.2.1 0.009407463 0.1384807 0.0001131728 -0.04572576 4.255699E-05 0.6301638 -0.7751146
L_Secondary.2.2 4.139081E-09 0.06550399 0 0.03041372 -0.002226631 -0.07298204 0.9968669
L_Secondary.3.1 0.009227856 0.1249626 0.000173405 -0.04603653 0.0003219525 0.624083 -0.7800007
L_Secondary.3.2 1.189648E-08 0.06550399 0 0.03036801 -0.002781324 -0.09116364 0.995369
L_Secondary.4.1 0.009263783 0.1127596 0.0003057983 -0.04611719 0.000469207 0.6188777 -0.7841323
L_Secondary.4.2 4.055831E-09 0.065504 4.866666E-10 0.03029207 -0.003513027 -0.1151466 0.9928803
L_Secondary.5.1 0.01087626 0.09914442 0.0008953926 -0.04626386 0.0006405161 0.613681 -0.7881972
L_Secondary.5.2 4.79777E-09 0.06550399 -1.800877E-09 0.03029204 -0.003513025 -0.1151465 0.9928803
L_Secondary.6.1 0.009016316 0.08504447 0.0001217299 -0.04688334 0.001114677 0.6094363 -0.7914469
L_Secondary.6.2 -1.652828E-08 0.06550399 -2.661883E-08 0.03029205 -0.00351303 -0.1151465 0.9928803
L_Secondary.7.1 0.00781094 0.07214402 0.0002158773 -0.04770095 0.001652407 0.6032314 -0.7961369
L_Secondary.7.2 7.173538E-09 0.06550398 -9.282837E-10 0.03029207 -0.003513035 -0.1151466 0.9928803
L_Secondary.8.1 0.007818924 0.05700518 0.0004545379 -0.04738707 0.002045911 0.6030413 -0.7962986
L_Secondary.8.2 -8.204536E-09 0.06545863 2.257195E-08 0.0298336 -0.003601502 -0.1197958 0.9923437
L_Secondary.9.1 0.007343962 0.04443552 0.0005668363 -0.04603937 0.00181424 0.6137983 -0.7881172
L_Secondary.9.2 7.275998E-09 0.06728974 -2.681382E-09 0.02996789 -0.003132781 -0.1039242 0.9941287
L_Secondary.10.1 0.006713339 0.0350649 0.0004388111 -0.04502542 0.001568217 0.6188052 -0.7842515
L_Secondary.10.2 2.081515E-08 0.06668834 3.036399E-10 0.02985931 -0.004038225 -0.1339609 0.9905285
L_Secondary.11.1 0.006621535 0.02898296 0.0004763909 -0.04460898 0.002729982 0.6538192 -0.7553298
L_Secondary.11.2 -1.70828E-08 0.06726747 -2.658977E-08 0.02990939 -0.003649529 -0.1210666 0.992187
L_Secondary.12.1 0.006968779 0.02285279 8.157163E-05 -0.04217283 0.002117769 0.6848418 -0.7274674
L_Secondary.12.2 -1.708357E-08 0.06963174 -1.831976E-09 0.02986804 -0.00397344 -0.1318118 0.9908168
L_Secondary.13.1 0.007786989 0.0181949 0.0002462947 -0.04036174 0.002216232 0.716683 -0.6962266
L_Secondary.13.2 -1.14741E-08 0.07210309 -1.618591E-10 0.02998059 -0.003008713 -0.09980872 0.9945503
L_Secondary.14.1 0.005460072 0.01360027 0.0004239146 -0.03798114 0.002333288 0.7545294 -0.6551622
L_Secondary.14.2 1.517327E-08 0.08085644 -2.896586E-09 0.03005338 -0.002163776 -0.07177919 0.9969653
L_Secondary.15.1 0.007563474 0.007162318 0.0003929554 -0.03490985 0.002466452 0.7975904 -0.6021834
L_Secondary.15.2 -6.003761E-09 0.08022188 -1.733183E-09 0.03007379 -0.001858738 -0.06165988 0.9976423
L_Secondary.16.1 0.008341776 0.003659243 0.0002007415 -0.03132611 0.002634712 0.8410845 -0.5399897
L_Secondary.16.2 1.786923E-08 0.07654288 2.537756E-09 0.03013002 -0.0002636424 -0.008746013 0.9995077
L_Secondary.17.1 0.009850481 -0.001988707 -0.0001091609 -0.02742152 0.002759147 0.8808007 -0.4726844
L_Secondary.17.2 2.245571E-08 0.06949583 -2.001934E-08 0.03011844 0.0008752748 0.02903532 0.9991242
R_Breast -0.04441912 0.04774738 -0.03407281 -0.0190027 -0.002883576 -0.1501749 0.9884726
R_Coracoid -0.03758093 0.01683923 0.005497935 0.1453279 -0.01574452 -0.08423058 0.9856659
R_Humerus -3.503491E-09 0.05751615 -1.220629E-08 -0.1818824 0.07498889 0.7506358 0.6307467
R_ScapularFeather.3.1 0.01760023 0.009719951 -0.01442496 -0.184669 0.5115618 0.8305671 0.1198345
R_ScapularFeather.3.2 7.995591E-09 0.02970624 -1.513958E-09 -0.1943537 -0.506813 -0.5520672 0.632921
R_ScapularFeather.2.1 0.04272525 0.01769409 0.008293848 0.03895589 0.001405775 0.05646448 0.9976434
R_ScapularFeather.1.1 0.03155503 0.01020466 -0.003221495 0.03058258 0.0003164106 -0.0084309 0.9994966
R_ScapularFeather.1.2 -2.396534E-09 0.06374734 -1.88877E-08 0.06149513 0.0005963839 0.009679317 0.9980603
R_ScapularFeather.2.2 7.962619E-10 0.05921563 2.612464E-09 0.09420441 -4.105277E-05 -0.001428007 0.9955519
R_Tertial.0.1 -0.009548029 0.07384758 4.131972E-08 0.04508227 0.04232015 0.6831096 0.7276936
R_Tertial.0.2 6.091317E-09 0.07240872 -2.461229E-08 0.06181886 0.00135165 0.02181725 0.997848
R_Tertial.1.1 -0.01010315 0.05383384 3.946417E-08 0.04508228 0.04232013 0.6831095 0.7276937
R_Tertial.1.2 7.120339E-09 0.07240871 -4.349841E-10 0.06181888 0.00135166 0.02181756 0.997848
R_Tertial.2.1 -0.008385921 0.04361146 3.875493E-08 0.04328834 0.04415349 0.7127022 0.6987362
R_Tertial.2.2 -4.127902E-09 0.06583966 9.290749E-10 0.06182182 -0.001213402 -0.01958636 0.9978943
R_Tertial.3.1 -0.004900386 0.03091202 3.803502E-08 0.04391023 0.04353504 0.7027194 0.708775
R_Tertial.3.2 -7.096612E-11 0.06575248 1.158158E-09 0.06182463 0.001060248 0.01711388 0.9979398
R_Ulna 4.053055E-09 0.142381 1.386373E-10 0.06690416 -0.006744501 0.2474657 -0.9665605
R_Alula.1 0.002713015 0.1566538 0.0002846098 -0.1154868 0.06882075 0.3234142 0.9366589
R_Alula.2 -6.261409E-09 0.04424652 -1.835674E-08 0.04696239 -0.0001238191 0.002633642 0.9988932
R_D_Covert.1 -0.00314659 -0.04232148 -0.01281581 0.04567724 0.02960843 0.8584059 0.5100748
R_D_Covert.2 2.160909E-09 0.04648309 1.281816E-09 0.06129337 -0.008683536 -0.1400018 0.9882142
R_Metacarpus -1.134167E-09 0.1515413 -9.367615E-09 -0.01190656 -0.005519018 0.1800264 0.9835743
L_BasalPhalanx 2.729829E-10 0.08401707 -3.985968E-09 0.07655097 -0.005997248 0.04598429 0.9959867
L_TerminalPhalanx.001 1.156866E-08 0.0645774 9.925373E-09 0.06625466 0.005438267 0.08162546 0.9944436
R_Pimary.1.1 -0.007592393 0.08410484 -0.0009192987 0.09212506 -0.005128876 0.1000275 0.9906973
R_Pimary.1.2 8.90775E-09 0.1068323 -1.625765E-08 0.136219 0.003371667 0.02451346 0.9903697
R_Pimary.2.1 -0.009721209 0.06883003 -0.0008731863 0.09181313 -0.001594039 0.1394476 0.9859626
R_Pimary.2.2 -5.967487E-09 0.1210249 -1.314907E-08 0.06646958 0.001026584 0.01540858 0.997669
R_Pimary.3.1 -0.009964858 0.05432519 -0.000254462 0.09154171 0.001338364 0.1715343 0.9809151
R_Pimary.3.2 2.344864E-10 0.1213932 -2.272082E-08 0.06647072 0.00094967 0.01425416 0.9976861
R_Pimary.4.1 -0.01012365 0.04488884 -0.0001867744 0.08996084 0.003766018 0.2037273 0.9748785
R_Pimary.4.2 -1.48151E-08 0.1200456 -2.909101E-08 0.06647746 -4.45114E-05 -0.0006679465 0.9977877
R_Pimary.5.1 -0.00908241 0.03790373 -4.979776E-05 0.08931386 0.006343475 0.2379553 0.9671401
R_Pimary.5.2 9.018665E-09 0.109161 -8.132462E-09 0.06647722 0.0001875083 0.002814533 0.997784
R_Pimary.6.1 -0.008725786 0.03156202 -0.0001779208 0.08962778 0.009649452 0.2763365 0.9568239
R_Pimary.6.2 -2.597439E-09 0.09872127 5.600149E-09 0.06646221 0.001428591 0.02144221 0.9975575
R_Pimary.7.1 -0.00794486 0.02508674 -0.0001270704 0.08695513 0.01222773 0.3255048 0.9414542
R_Pimary.7.2 -4.136777E-08 0.0878425 -2.974214E-09 0.06647487 0.0005904741 0.008862623 0.9977486
R_Pimary.8.1 -0.007664769 0.01970305 -0.0002078247 0.08531569 0.01476139 0.3657257 0.9266866
R_Pimary.8.2 9.964322E-09 0.07696793 7.120424E-09 0.06646331 0.001372015 0.02059295 0.9975754
R_Pimary.9.1 -0.006475297 0.01386908 6.035486E-05 0.0831776 0.01686657 0.4046284 0.9105344
R_Pimary.9.2 -9.712251E-09 0.07168681 -7.652701E-10 0.06640925 0.003011653 0.04520307 0.9967635
R_Secondary.0.1 -0.009478101 0.1607929 -0.0001039749 0.07048497 0.01534805 0.6072762 0.7912092
R_Secondary.0.2 1.321591E-08 0.06835213 -7.405944E-09 0.05845907 0.002730301 0.04657343 0.9971991
R_Secondary.1.1 -0.0102245 0.1518327 -0.0007535727 0.06956091 0.01640591 0.6202974 0.7811039
R_Secondary.1.2 2.023889E-08 0.06516289 1.297287E-10 0.05842073 0.003454958 0.05893487 0.996545
R_Secondary.2.1 -0.009399451 0.1383984 0.0001142603 0.06909473 0.01679238 0.6190242 0.7821464
R_Secondary.2.2 9.089327E-09 0.06550397 1.137457E-08 0.05836663 0.004273095 0.07289083 0.9956214
R_Secondary.3.1 -0.009227857 0.1249626 0.000173391 0.06943293 0.01701028 0.6160029 0.7844936
R_Secondary.3.2 -2.415293E-08 0.06550399 -1.0301E-08 0.05827889 0.005337614 0.09104967 0.9941253
R_Secondary.4.1 -0.00926378 0.1127596 0.0003057797 0.06975369 0.0173257 0.6094859 0.7895324
R_Secondary.4.2 1.428112E-08 0.06550398 1.153391E-08 0.0581332 0.006741826 0.1150027 0.9916399
R_Secondary.5.1 -0.01087626 0.09914444 0.0008953704 0.07069133 0.01810272 0.6035782 0.7939574
R_Secondary.5.2 -1.703444E-08 0.06550399 1.166311E-08 0.05813317 0.006741819 0.1150026 0.9916399
R_Secondary.6.1 -0.009016312 0.08504447 0.0001217003 0.07057684 0.01803465 0.6000215 0.7966605
R_Secondary.6.2 6.442764E-09 0.06550398 -1.409264E-08 0.05846405 0.006780188 0.1150004 0.9916204
R_Secondary.7.1 -0.007810941 0.07214402 0.000215843 0.07050995 0.01793323 0.60436 0.7933825
R_Secondary.7.2 4.135122E-09 0.06550398 1.103721E-08 0.05864489 0.006801171 0.1149992 0.9916097
R_Secondary.8.1 -0.007818935 0.0570052 0.0004544972 0.06983099 0.01848989 0.609986 0.7891127
R_Secondary.8.2 2.202252E-10 0.06545864 8.953504E-09 0.05857149 0.007070746 0.1196412 0.9910628
R_Secondary.9.1 -0.007343967 0.04443555 0.0005667909 0.06945544 0.01971039 0.6197906 0.7814391
R_Secondary.9.2 -1.650912E-08 0.06728972 6.434377E-09 0.05867699 0.006133971 0.1037902 0.9928479
R_Secondary.10.1 -0.006713336 0.03506492 0.0004387618 0.06884795 0.02030016 0.6221065 0.7796354
R_Secondary.10.2 -1.95477E-09 0.06668834 8.155276E-09 0.0584645 0.007906822 0.1337882 0.9892523
R_Secondary.11.1 -0.006621533 0.02898297 0.000476362 0.06639615 0.02160383 0.653468 0.753727
R_Secondary.11.2 -1.215047E-08 0.06726746 6.286802E-09 0.05856239 0.007145779 0.1209107 0.9909087
R_Secondary.12.1 -0.006968777 0.0228528 8.154107E-05 0.06256381 0.02132843 0.684513 0.7259979
R_Secondary.12.2 -1.012426E-08 0.06963175 3.248336E-09 0.05848152 0.007779985 0.1316419 0.9895402
R_Secondary.13.1 -0.007786984 0.01819492 0.0002462617 0.05987704 0.02232008 0.7163389 0.6948203
R_Secondary.13.2 -1.313838E-08 0.07210308 4.363239E-09 0.05870188 0.005891051 0.09968003 0.993269
R_Secondary.14.1 -0.00546007 0.01360027 0.0004238803 0.05634539 0.02349878 0.754167 0.6538388
R_Secondary.14.2 3.273356E-10 0.08085644 8.635571E-10 0.05884444 0.004236641 0.07168652 0.9956809
R_Secondary.15.1 -0.007563475 0.007162351 0.0003929184 0.05178913 0.02483985 0.7972074 0.600967
R_Secondary.15.2 1.091471E-09 0.08022189 -6.007595E-10 0.0588844 0.003639396 0.06158024 0.996357
R_Secondary.16.1 -0.008341771 0.003659265 0.0002007029 0.04644044 0.0261944 0.8406804 0.5389003
R_Secondary.16.2 -9.262033E-10 0.07654285 -6.993865E-09 0.05899449 0.000516251 0.008734887 0.99822
R_Secondary.17.1 -0.009850469 -0.001988709 -0.0001092043 0.04065202 0.02743134 0.8803778 0.4717308
R_Secondary.17.2 -1.12234E-08 0.0694958 -2.687371E-08 0.0589718 -0.001713767 -0.02899794 0.9978369
Spine.3 1.479918E-14 0.0490579 -1.192243E-08 -0.01922025 3.418489E-06 8.664631E-08 0.9998153
Keel.1 4.359509E-10 0.05027283 -0.06804702 6.533346E-08 -0.1923404 0.9813283 -1.228863E-07
Keel.2 1.804779E-16 0.06065319 1.513958E-09 0.1836107 1.367276E-08 -1.349795E-08 0.9829991
Spine.4 3.612841E-17 0.05326391 -4.088462E-10 -0.1583743 7.357437E-08 1.536654E-08 0.9873792
Neck.1 3.970513E-15 0.04069303 -3.784893E-10 0.3276336 9.220895E-07 2.755583E-07 0.9448049
Neck.2 -4.872902E-15 0.04169623 6.055835E-09 0.2731558 -9.900516E-07 2.811296E-07 0.9619698
Neck.3 1.454045E-17 0.02922441 7.56979E-09 0.2238013 1.471785E-13 -1.319374E-13 0.9746348
Neck.4 -8.334322E-17 0.02969581 6.055832E-09 0.2257838 8.649164E-15 -3.59905E-14 0.9741774
Neck.5 -1.488359E-16 0.02403946 -1.81675E-08 0.2177789 8.097631E-15 -2.943965E-14 0.9759982
Neck.6 -4.129158E-17 0.02639629 1.211166E-08 -0.2701072 -1.805038E-14 1.783294E-14 0.9628303
Neck.7 -1.970672E-17 0.02695056 -1.513958E-08 -0.2701074 -1.807673E-14 1.782968E-14 0.9628302
Neck.8 -8.878489E-18 0.02291342 -6.055832E-09 -0.2750626 -2.056155E-14 2.278157E-14 0.9614264
Neck.9 4.183685E-17 0.02291341 -3.027916E-08 -0.2736567 -2.038998E-14 2.216467E-14 0.9618275
Neck.10 -2.731843E-17 0.02427731 -1.211166E-08 -0.2736566 -2.046486E-14 2.23762E-14 0.9618275
Neck.11 1.063876E-16 0.02564123 -2.422333E-08 0.1344793 4.378833E-08 -1.191805E-08 0.9909164
Head -2.887646E-15 0.02391244 9.083748E-09 -0.1699882 2.399792E-07 -1.127449E-07 0.9854461
Beak 7.854838E-09 0.03577738 -0.01251088 -0.1084542 8.226689E-07 3.501417E-08 0.9941015
EyeL 0.008230492 0.01430688 0.005630294 0.04717208 0.002577093 -0.7261586 0.6859022
EyeR -0.008122111 0.01430688 0.005630284 0.04717185 -0.002577457 0.7261561 0.6859049
LowerEyelidL 0.008185682 0.01437029 0.00475321 -0.07529067 0.1313938 -0.7141769 0.6833874
LowerEyelidR -0.008077297 0.01437029 0.004753199 -0.1014681 -0.1587108 0.7086045 0.6799963
ThirdEyelidL 0.008185682 0.01434519 0.005100384 0.04431886 0.009612102 -0.6258213 0.7786471
ThirdEyelidR -0.008077297 0.01434519 0.005100374 0.04431845 -0.009612634 0.6258189 0.778649
Tongue.1 6.859592E-09 0.03940137 -0.01067088 -0.0236526 -1.487317E-07 -1.2302E-09 0.9997203
Tongue.2 2.346212E-15 0.01135223 -6.055831E-09 -0.02941718 6.063983E-07 -3.141198E-08 0.9995672
Tongue.3 -1.642348E-14 0.01308195 -4.844665E-08 0.003727067 -6.073165E-07 3.487018E-09 0.9999931
UpperEyeLidL 0.008185681 0.01427677 0.006046057 0.184498 -0.1438873 -0.7117649 0.6623048
UpperEyeLidR -0.008077298 0.01427679 0.006046053 0.1844987 0.1438868 0.7117625 0.6623073
Tail.1 0 0.02238972 0 -0.7696175 4.075532E-10 4.912413E-10 0.6385053
Tail.2 0 0.03564053 -6.055832E-09 -0.05637591 -3.3114E-08 1.258766E-09 0.9984096
L_TailFeather.1 -0.005593726 0.004963242 0.002304547 0.05232724 -0.08805073 0.07452298 0.9919452
L_TailFeather.2 -0.005684085 0.01018092 0.004494068 0.04226902 -0.08700843 0.05007818 0.9940498
L_TailFeather.3 -0.005358651 0.01075004 0.006816222 0.02741946 -0.07227641 0.03245347 0.9964793
L_TailFeather.4 -0.004614986 0.01458542 0.008848148 0.01889736 -0.05666521 0.01660538 0.9980763
L_TailFeather.5 -0.004034597 0.01457515 0.009470079 0.01006342 -0.03465201 -0.002941663 0.9993445
L_TailFeather.6 -0.003749513 0.01860095 0.00992371 0.01191667 -0.01156244 -0.01763893 0.9997066
R_TailFeather.1 0.0054853 0.004963242 0.002304547 0.0509239 0.08886982 -0.0902491 0.9906382
R_TailFeather.2 0.005575702 0.01018091 0.004494066 0.04018672 0.08798965 -0.07371669 0.9925768
R_TailFeather.3 0.005250237 0.01075002 0.006816219 0.02631633 0.07268542 -0.04761504 0.9958701
R_TailFeather.4 0.004506581 0.01458542 0.008848148 0.01778216 0.05702506 -0.03618028 0.9975585
R_TailFeather.5 0.003926191 0.01457515 0.009470079 0.009313471 0.03486115 -0.01862155 0.9991753
R_TailFeather.6 0.00364113 0.01860095 0.00992371 0.01176561 0.01171612 0.004663615 0.9998513
Tail.3 2.312372E-16 0.04007014 -6.055832E-09 -0.008129212 3.517577E-09 5.131324E-10 0.999967
Swan 0 0 0 -0.7071068 0 0 0.7071068
#
Swan1 (1) -0.6 -0.7001341 1.7 0 0 0 1
BoneParent 1.944793E-05 -7.550335E-05 -0.0310176 6.657903E-08 0 0 1
RootNode -1.944974E-05 0.130483 0.03101759 0 0 0 1
Pelvis -1.652972E-25 0.04372093 -0.0350083 -0.0741825 0 0 0.9972447
L_Femur -0.03178126 0.008641648 0.006874032 -0.09968472 0.4687539 0.8584886 0.1825651
L_Tibia -2.980605E-09 0.03910423 -4.252766E-08 0.1551122 -0.2755806 0.9384992 -0.1386181
L_Tarsus.1 -3.027916E-09 0.08934754 9.840726E-09 -0.04435323 0.9719008 -0.2286878 0.03381674
L_Tarsus.2 -7.56979E-09 0.06961838 6.434322E-09 -0.8185442 0.04154822 0.07053646 0.5685804
L.Digit.0 -0.001041635 0.007196233 -0.009556463 -0.09335659 0.02833814 -0.04555545 0.9941862
L.Digit.1.1 0.00960304 0.007158852 0.002357503 0.6719322 0.01880851 -0.02059893 0.7400872
L.Digit.1.2 4.541874E-09 0.0314137 1.324713E-08 -0.0004392667 0.01299532 0.03377347 0.9993449
L.Digit.2.1 7.56979E-10 0.006937467 1.513958E-09 0.6732401 -1.689734E-07 1.669152E-07 0.739424
L.Digit.2.2 0 0.03106652 1.958683E-08 7.233555E-06 -0.0007899918 0.009147929 0.9999579
L.Digit.3.1 -0.006472189 0.00704079 0.001100159 0.6719706 -0.01901966 0.02083235 0.7400405
L.Digit.3.3 -4.541874E-09 0.03050261 3.359094E-09 -0.0001133843 -0.01605386 -0.007063373 0.9998462
R_Femur 0.03167285 0.008641648 0.006874032 0.09968495 0.4687541 0.8584886 -0.1825649
R_Tibia 1.31052E-08 0.03910425 -2.209713E-09 -0.153043 -0.273819 0.9390357 0.1407587
R_Tarsus.1 -1.513958E-09 0.08934755 -1.703203E-08 0.04585407 0.9709312 -0.2326385 -0.03270226
R_Tarsus.2 6.055832E-09 0.06961838 -1.513958E-08 -0.8197796 -0.04135169 -0.07067518 0.5667951
R.Digit.0 0.0009593735 0.007377619 -0.009747301 -0.09420773 -0.02558411 0.04395334 0.9942527
R.Digit.1.1 -0.009603048 0.007158842 0.002357503 0.6718368 -0.02257357 0.02472343 0.7399423
R.Digit.1.2 -6.055832E-09 0.03141366 -6.59991E-09 -0.0001904088 -0.006425128 -0.02962334 0.9995404
R.Digit.2.1 2.270937E-09 0.006937462 6.434322E-09 0.6732403 -1.789903E-07 1.607454E-07 0.7394238
R.Digit.2.2 0 0.03106651 -1.262026E-08 2.91864E-05 0.004985829 -0.005854447 0.9999704
R.Digit.3.1 0.006472184 0.007040782 0.001100171 0.6718352 0.02425425 -0.02656856 0.7398266
R.Digit.3.2 -5.298853E-09 0.0305026 -3.962312E-09 -0.0001956857 0.01866371 0.0104826 0.9997709
Spline.1 0 0.02238972 0 0.001011244 0.7511693 0.6601079 -0.001152238
Spine.2 2.233413E-14 0.04255072 -8.941815E-09 0.005968729 -4.558438E-06 1.339412E-07 0.9999822
L_Breast 0.04453724 0.04774738 -0.03407342 -0.01900169 0.00289033 0.1501752 0.9884726
L_Coracoid 0.03731622 0.01683924 0.005497423 0.1453284 0.01575135 0.08422932 0.9856658
L_Humerus 2.065923E-09 0.05751614 -2.043843E-08 0.152882 0.08472193 0.7480845 -0.6401709
L_ScapularFeather.3.1 -0.01760738 0.009721887 -0.01444049 0.1830602 0.5121779 0.8306651 -0.1189888
L_ScapularFeather.3.2 8.137524E-09 0.02970628 1.81675E-08 -0.1434374 0.5497726 0.5093995 0.6462879
L_ScapularFeather.2.1 -0.04272524 0.017711 0.008300751 0.01609177 0.006451685 -0.05341185 0.9984221
L_ScapularFeather.1.1 -0.03182776 0.01020238 -0.003220594 0.02121087 -0.0003663871 0.008246064 0.999741
L_ScapularFeather.1.2 2.871332E-09 0.06374732 -3.115659E-09 0.08417445 -0.0008163468 -0.009663401 0.9964039
L_ScapularFeather.2.2 7.142994E-09 0.0592156 -1.39361E-08 0.1168177 7.347247E-05 0.001426062 0.9931524
L_Tertial.0.1 0.009548017 0.07384753 3.096797E-08 0.06137335 -0.05761331 -0.68199 0.726501
L_Tertial.0.2 -4.234352E-09 0.07240871 -2.224119E-09 0.08415809 -0.00184007 -0.02178164 0.9962126
L_Tertial.1.1 0.01010314 0.05383381 3.612078E-08 0.06137335 -0.05761331 -0.68199 0.726501
L_Tertial.1.2 2.188142E-09 0.07240871 -1.940918E-09 0.08415809 -0.00184007 -0.02178164 0.9962126
L_Tertial.2.1 0.008385906 0.04361141 3.899119E-08 0.05893109 -0.06010915 -0.7115338 0.6975913
L_Tertial.2.2 5.003151E-09 0.06583965 2.428588E-08 0.08416206 0.001651861 0.01955366 0.9962589
L_Tertial.3.1 0.00490037 0.03091197 4.271834E-08 0.05977773 -0.05926723 -0.7015678 0.7076134
L_Tertial.3.2 -9.463072E-11 0.06575248 4.180802E-10 0.0841659 -0.001443393 -0.01708606 0.9963042
L_Ulna -4.219533E-09 0.1423809 1.423472E-08 0.07701649 0.003359713 -0.2110745 -0.9744254
L_Alula.1 -0.002713009 0.1565188 0.0002845945 0.01631658 0.01192938 0.2944555 -0.9554514
L_Alula.2 1.26794E-08 0.04424651 7.948279E-09 0.04696239 0.0001238158 -0.002633574 0.9988932
L_D_Covert.1 0.003146576 -0.0423215 -0.01281425 -0.05719173 0.04872859 0.8567205 -0.5102789
L_D_Covert.2 7.891687E-09 0.04648309 -2.839459E-09 0.08334601 0.01180776 0.139773 0.986599
L_Metacarpus 3.973056E-09 0.1515413 -9.083748E-09 0.002362208 0.004827328 -0.1560237 0.9877387
L_Pimary.1.1 0.007592395 0.0841048 -0.0009193098 0.09098212 0.00397622 -0.05556559 0.9942932
L_Pimary.1.2 6.135036E-09 0.1068323 -1.259516E-08 0.135603 -0.003356423 -0.02451562 0.9904543
L_Pimary.2.1 0.009721212 0.06882998 -0.0008731973 0.09079657 0.0008792794 -0.1096054 0.9898191
L_Pimary.2.2 2.973765E-09 0.1210249 1.330846E-08 0.06584909 -0.001017015 -0.01540927 0.9977101
L_Pimary.3.1 0.009964862 0.05432514 -0.0002544851 0.09071333 -0.001797492 -0.1491908 0.984637
L_Pimary.3.2 5.918827E-09 0.1213932 -8.154469E-09 0.06585021 -0.0009408133 -0.01425475 0.9977273
L_Pimary.4.1 0.01012366 0.04488878 -0.000186796 0.08978315 -0.004112489 -0.1886475 0.9779235
L_Pimary.4.2 5.581578E-09 0.1200456 1.0413E-08 0.06585692 4.40914E-05 0.0006680745 0.9978288
L_Pimary.5.1 0.009082411 0.03790366 -4.982088E-05 0.08832289 -0.006309106 -0.2323739 0.9685875
L_Pimary.5.2 -5.661546E-09 0.1091609 2.528787E-08 0.06585671 -0.0001857556 -0.002814578 0.9978251
L_Pimary.6.1 0.008725789 0.03156197 -0.0001779424 0.08800188 -0.009157891 -0.279053 0.9561911
L_Pimary.6.2 3.113525E-09 0.09872128 2.001157E-08 0.06584175 -0.001415271 -0.02144339 0.9975986
L_Pimary.7.1 0.007944868 0.0250867 -0.0001270921 0.08504917 -0.01164161 -0.3243115 0.9420474
L_Pimary.7.2 -1.904678E-08 0.08784254 1.50347E-09 0.06585433 -0.0005849616 -0.008863111 0.9977897
L_Pimary.8.1 0.007664779 0.01970297 -0.0002078343 0.08504228 -0.01470948 -0.3643115 0.9272695
L_Pimary.8.2 -1.861761E-08 0.07696792 -8.840389E-09 0.06584294 -0.001359187 -0.02059367 0.9976166
L_Pimary.9.1 0.006475307 0.01386901 6.033314E-05 0.08215116 -0.01639366 -0.4042967 0.9107836
L_Pimary.9.2 2.952674E-08 0.07168683 -1.534809E-08 0.06578937 -0.002983521 -0.04520475 0.9968046
LBasalPhalanx 2.592916E-09 0.08401702 -1.532882E-08 0.07623531 0.004998965 -0.007151193 0.9970517
L_TerminalPhalanx -8.803865E-09 0.06457734 7.469355E-10 0.06563547 -0.00539686 -0.08176976 0.994473
L_Secondary.0.1 0.009468276 0.16068 -0.0001039991 -0.06563748 0.01225141 0.604302 -0.7939526
L_Secondary.0.2 2.149106E-09 0.06835213 9.44012E-09 0.05260053 -0.002456672 -0.04658876 0.9975253
L_Secondary.1.1 0.01022386 0.1517293 -0.0007531791 -0.05254972 0.00463208 0.6192861 -0.7833912
L_Secondary.1.2 -5.200111E-09 0.0651629 -6.396986E-10 0.03756272 -0.002222706 -0.05902814 0.9975469
L_Secondary.2.1 0.009407463 0.1384807 0.0001131728 -0.05186921 0.00449474 0.6197399 -0.7830784
L_Secondary.2.2 4.139081E-09 0.06550399 0 0.03752799 -0.00274748 -0.0729643 0.9966245
L_Secondary.3.1 0.009227856 0.1249626 0.000173405 -0.05196343 0.004620844 0.614945 -0.7868426
L_Secondary.3.2 1.189648E-08 0.06550399 0 0.03747161 -0.003431921 -0.09114146 0.9951268
L_Secondary.4.1 0.009263783 0.1127596 0.0003057983 -0.05204466 0.004731104 0.6107925 -0.7900643
L_Secondary.4.2 4.055831E-09 0.065504 4.866666E-10 0.03737791 -0.004334787 -0.1151185 0.9926388
L_Secondary.5.1 0.01087626 0.09914442 0.0008953926 -0.05212579 0.004840137 0.6066637 -0.793233
L_Secondary.5.2 4.79777E-09 0.06550399 -1.800877E-09 0.03737791 -0.004334782 -0.1151185 0.9926388
L_Secondary.6.1 0.009016316 0.08504447 0.0001217299 -0.05219739 0.004944087 0.6029088 -0.7960855
L_Secondary.6.2 -1.652828E-08 0.06550399 -2.661883E-08 0.0373779 -0.004334787 -0.1151185 0.9926388
L_Secondary.7.1 0.00781094 0.07214402 0.0002158773 -0.05227412 0.005052613 0.5987985 -0.799176
L_Secondary.7.2 7.173538E-09 0.06550398 -9.282837E-10 0.0373779 -0.004334795 -0.1151185 0.9926388
L_Secondary.8.1 0.007818924 0.05700518 0.0004545379 -0.05228094 0.005733793 0.6006809 -0.7977571
L_Secondary.8.2 -8.204536E-09 0.06545863 2.257195E-08 0.03735721 -0.004509749 -0.119765 0.992089
L_Secondary.9.1 0.007343962 0.04443552 0.0005668363 -0.0515302 0.006084365 0.6122831 -0.7889342
L_Secondary.9.2 7.275998E-09 0.06728974 -2.681382E-09 0.03742449 -0.003912277 -0.1038978 0.9938759
L_Secondary.10.1 0.006713339 0.0350649 0.0004388111 -0.05107959 0.00636502 0.6190868 -0.7836338
L_Secondary.10.2 2.081515E-08 0.06668834 3.036399E-10 0.03728892 -0.00504302 -0.1339268 0.9902766
L_Secondary.11.1 0.006621535 0.02898296 0.0004763909 -0.04918119 0.00668837 0.6537908 -0.7550458
L_Secondary.11.2 -1.70828E-08 0.06726747 -2.658977E-08 0.03735144 -0.0045576 -0.1210358 0.9919347
L_Secondary.12.1 0.006968779 0.02285279 8.157163E-05 -0.04736401 0.00700572 0.6848093 -0.7271478
L_Secondary.12.2 -1.708357E-08 0.06963174 -1.831976E-09 0.03729981 -0.00496211 -0.1317783 0.9905648
L_Secondary.13.1 0.007786989 0.0181949 0.0002462947 -0.04532998 0.007331449 0.7166489 -0.6959208
L_Secondary.13.2 -1.14741E-08 0.07210309 -1.618591E-10 0.03744035 -0.003757339 -0.09978334 0.9942974
L_Secondary.14.1 0.005460072 0.01360027 0.0004239146 -0.04265633 0.007718607 0.7544934 -0.6548744
L_Secondary.14.2 1.517327E-08 0.08085644 -2.896586E-09 0.03753127 -0.002702168 -0.07176095 0.9967119
L_Secondary.15.1 0.007563474 0.007162318 0.0003929554 -0.03920701 0.008159125 0.7975525 -0.6019188
L_Secondary.15.2 -6.003761E-09 0.08022188 -1.733183E-09 0.03755675 -0.002321229 -0.06164421 0.9973887
L_Secondary.16.1 0.008341776 0.003659243 0.0002007415 -0.03515778 0.008604057 0.8410445 -0.5397538
L_Secondary.16.2 1.786923E-08 0.07654288 2.537756E-09 0.03762696 -0.0003292434 -0.008743789 0.9992536
L_Secondary.17.1 0.009850481 -0.001988707 -0.0001091609 -0.03077559 0.009010375 0.8807589 -0.4724779
L_Secondary.17.2 2.245571E-08 0.06949583 -2.001934E-08 0.03761252 0.00109306 0.02902794 0.9988701
R_Breast -0.04442928 0.04774738 -0.03407281 -0.0190027 -0.002883576 -0.1501749 0.9884726
R_Coracoid -0.03758093 0.01683923 0.005497935 0.1453279 -0.01574452 -0.08423058 0.9856659
R_Humerus -3.503491E-09 0.05751615 -1.220629E-08 -0.1658368 0.09230542 0.7436376 0.6410781
R_ScapularFeather.3.1 0.01757606 0.009713521 -0.01444027 -0.182693 0.5121758 0.8307834 0.1187355
R_ScapularFeather.3.2 7.995591E-09 0.02970624 -1.513958E-09 -0.1970842 -0.504718 -0.5541723 0.6319104
R_ScapularFeather.2.1 0.04272527 0.01770633 0.008293851 0.05335969 0.002221092 0.0564383 0.9969767
R_ScapularFeather.1.1 0.03159726 0.01021428 -0.003224395 0.03181122 0.00029033 -0.008310032 0.9994593
R_ScapularFeather.1.2 -2.396534E-09 0.06374734 -1.88877E-08 0.07633737 0.0007403258 0.009669375 0.9970349
R_ScapularFeather.2.2 7.962619E-10 0.05921563 2.612464E-09 0.1090057 -6.22943E-05 -0.001427234 0.9940401
R_Tertial.0.1 -0.009548029 0.07384758 4.131972E-08 0.05565935 0.05224924 0.682422 0.7269611
R_Tertial.0.2 6.091317E-09 0.07240872 -2.461229E-08 0.07632267 0.001668776 0.02179531 0.9968436
R_Tertial.1.1 -0.01010315 0.05383384 3.946417E-08 0.05565938 0.0522492 0.6824219 0.7269612
R_Tertial.1.2 7.120339E-09 0.07240871 -4.349841E-10 0.07632271 0.001668788 0.0217956 0.9968435
R_Tertial.2.1 -0.008385921 0.04361146 3.875493E-08 0.05344454 0.05451269 0.7119846 0.6980329
R_Tertial.2.2 -4.127902E-09 0.06583966 9.290749E-10 0.07632629 -0.001498081 -0.01956664 0.9968898
R_Tertial.3.1 -0.004900386 0.03091202 3.803502E-08 0.05421235 0.05374914 0.7020121 0.7080615
R_Tertial.3.2 -7.096612E-11 0.06575248 1.158158E-09 0.07632978 0.001309015 0.01709665 0.9969352
R_Ulna 4.053055E-09 0.142381 1.386373E-10 0.07440591 -0.008091041 0.2142597 -0.9739051
R_Alula.1 0.002713015 0.156589 0.0002846076 -0.1154868 0.06882075 0.3234142 0.9366589
R_Alula.2 -6.261409E-09 0.04424652 -1.835674E-08 0.04696239 -0.0001238191 0.002633642 0.9988932
R_D_Covert.1 -0.003146579 -0.0423215 -0.01282077 0.05303212 0.04215732 0.8585219 0.508282
R_D_Covert.2 2.160909E-09 0.04648309 1.281816E-09 0.07558629 -0.01070844 -0.1398615 0.9872238
R_Metacarpus -1.134167E-09 0.1515413 -9.367615E-09 -0.008964356 -0.005347601 0.1617985 0.9867686
L_BasalPhalanx 2.729829E-10 0.08401707 -3.985968E-09 0.08820109 -0.006439768 0.01906962 0.9958994
L_TerminalPhalanx.001 1.156866E-08 0.0645774 9.925373E-09 0.08188068 0.006720884 0.08152985 0.993279
R_Pimary.1.1 -0.007592393 0.08410484 -0.0009192987 0.1071007 -0.004964917 0.07269597 0.9915746
R_Pimary.1.2 8.90775E-09 0.1068323 -1.625765E-08 0.1517723 0.003756643 0.02445742 0.9881057
R_Pimary.2.1 -0.009721209 0.06883003 -0.0008731863 0.1066589 -0.0005727577 0.117668 0.9873084
R_Pimary.2.2 -5.967487E-09 0.1210249 -1.314907E-08 0.08214632 0.001268711 0.01539054 0.9965007
R_Pimary.3.1 -0.009964858 0.05432519 -0.000254462 0.10572 0.002919655 0.1547285 0.98228
R_Pimary.3.2 2.344864E-10 0.1213932 -2.272082E-08 0.0821477 0.001173657 0.01423746 0.9965178
R_Pimary.4.1 -0.01012365 0.04488884 -0.0001867744 0.1047046 0.006085019 0.1900025 0.9761655
R_Pimary.4.2 -1.48151E-08 0.1200456 -2.909101E-08 0.08215608 -5.500177E-05 -0.0006671672 0.9966192
R_Pimary.5.1 -0.00908241 0.03790373 -4.979776E-05 0.1048146 0.009513759 0.2262203 0.9683738
R_Pimary.5.2 9.018665E-09 0.109161 -8.132462E-09 0.08215575 0.0002317397 0.00281124 0.9966155
R_Pimary.6.1 -0.008725786 0.03156202 -0.0001779208 0.1034324 0.01322639 0.2699278 0.9572178
R_Pimary.6.2 -2.597439E-09 0.09872127 5.600149E-09 0.08213717 0.001765517 0.0214171 0.9963893
R_Pimary.7.1 -0.00794486 0.02508674 -0.0001270704 0.1016259 0.01700373 0.3207195 0.9415531
R_Pimary.7.2 -4.136777E-08 0.0878425 -2.974214E-09 0.08215283 0.0007297321 0.008852226 0.9965802
R_Pimary.8.1 -0.007664769 0.01970305 -0.0002078247 0.1002215 0.02051045 0.3635489 0.9259413
R_Pimary.8.2 9.964322E-09 0.07696793 7.120424E-09 0.08213856 0.001695595 0.02056885 0.9964072
R_Pimary.9.1 -0.006475297 0.01386908 6.035486E-05 0.09815117 0.02349356 0.4040502 0.9091523
R_Pimary.9.2 -9.712251E-09 0.07168681 -7.652701E-10 0.08207174 0.003721944 0.04515013 0.9955963
R_Secondary.0.1 -0.009473462 0.1606893 -0.0001039768 0.08307977 0.02386097 0.5944403 0.7994806
R_Secondary.0.2 1.321591E-08 0.06835213 -7.405944E-09 0.07253082 0.003387505 0.04653023 0.9962745
R_Secondary.1.1 -0.01022362 0.1517433 -0.0007539499 0.08131078 0.0247745 0.6096708 0.788084
R_Secondary.1.2 2.023889E-08 0.06516289 1.297287E-10 0.07248323 0.004286604 0.05888023 0.9956209
R_Secondary.2.1 -0.009395429 0.1383405 0.0001148303 0.08051126 0.02496222 0.6103109 0.7876646
R_Secondary.2.2 9.089327E-09 0.06550397 1.137457E-08 0.07241607 0.005301673 0.07282324 0.9946982
R_Secondary.3.1 -0.009227857 0.1249626 0.000173391 0.08109207 0.02524186 0.6075833 0.7897021
R_Secondary.3.2 -2.415293E-08 0.06550399 -1.0301E-08 0.07230724 0.006622433 0.09096523 0.9932035
R_Secondary.4.1 -0.00926378 0.1127596 0.0003057797 0.08116276 0.02537143 0.6022362 0.7937761
R_Secondary.4.2 1.428112E-08 0.06550398 1.153391E-08 0.07212647 0.008364654 0.114896 0.9907203
R_Secondary.5.1 -0.01087626 0.09914444 0.0008953704 0.0812257 0.02546933 0.5980282 0.7969416
R_Secondary.5.2 -1.703444E-08 0.06550399 1.166311E-08 0.07212648 0.008364651 0.114896 0.9907203
R_Secondary.6.1 -0.009016312 0.08504447 0.0001217003 0.08127102 0.02557246 0.5945601 0.7995245
R_Secondary.6.2 6.442764E-09 0.06550398 -1.409264E-08 0.07212646 0.008364646 0.114896 0.9907203
R_Secondary.7.1 -0.007810941 0.07214402 0.000215843 0.08118904 0.02553311 0.5982146 0.7968035
R_Secondary.7.2 4.135122E-09 0.06550398 1.103721E-08 0.07212644 0.008364654 0.1148961 0.9907203
R_Secondary.8.1 -0.007818935 0.0570052 0.0004544972 0.08085226 0.02658768 0.6053047 0.7914306
R_Secondary.8.2 2.202252E-10 0.06545864 8.953504E-09 0.07208651 0.008702278 0.1195336 0.9901715
R_Secondary.9.1 -0.007343967 0.04443555 0.0005667909 0.07913741 0.02720186 0.6173642 0.782214
R_Secondary.9.2 -1.650912E-08 0.06728972 6.434377E-09 0.07221635 0.007549347 0.1036969 0.991955
R_Secondary.10.1 -0.006713336 0.03506492 0.0004387618 0.07843639 0.02788376 0.621506 0.7789741
R_Secondary.10.2 -1.95477E-09 0.06668834 8.155276E-09 0.07195485 0.009731275 0.1336679 0.9883627
R_Secondary.11.1 -0.006621533 0.02898297 0.000476362 0.07559986 0.02958595 0.6531553 0.7528596
R_Secondary.11.2 -1.215047E-08 0.06726746 6.286802E-09 0.07207531 0.008794623 0.120802 0.9900175
R_Secondary.12.1 -0.006968777 0.0228528 8.154107E-05 0.07280657 0.03098964 0.6841437 0.7250423
R_Secondary.12.2 -1.012426E-08 0.06963175 3.248336E-09 0.07197577 0.009575169 0.1315235 0.9886503
R_Secondary.13.1 -0.007786984 0.01819492 0.0002462617 0.06967991 0.03243047 0.7159524 0.6939058
R_Secondary.13.2 -1.313838E-08 0.07210308 4.363239E-09 0.07224698 0.007250376 0.09959039 0.9923757
R_Secondary.14.1 -0.00546007 0.01360027 0.0004238803 0.06557009 0.03414309 0.7537601 0.6529782
R_Secondary.14.2 3.273356E-10 0.08085644 8.635571E-10 0.07242245 0.00521422 0.07162207 0.9947854
R_Secondary.15.1 -0.007563475 0.007162351 0.0003929184 0.06026788 0.03609164 0.7967772 0.600176
R_Secondary.15.2 1.091471E-09 0.08022189 -6.007595E-10 0.07247161 0.004479155 0.06152487 0.9954609
R_Secondary.16.1 -0.008341771 0.003659265 0.0002007029 0.05404352 0.03805976 0.8402269 0.538191
R_Secondary.16.2 -9.262033E-10 0.07654285 -6.993865E-09 0.07260709 0.0006353704 0.00872703 0.9973223
R_Secondary.17.1 -0.009850469 -0.001988709 -0.0001092043 0.04730742 0.03985699 0.8799028 0.47111
R_Secondary.17.2 -1.12234E-08 0.0694958 -2.687371E-08 0.07257921 -0.002109206 -0.02897187 0.9969395
Spine.3 1.479918E-14 0.0490579 -1.192243E-08 0.006336708 3.419605E-06 -5.518086E-10 0.9999799
Keel.1 4.359509E-10 0.05027283 -0.06804702 6.533346E-08 -0.1923404 0.9813283 -1.228863E-07
Keel.2 1.804779E-16 0.06065319 1.513958E-09 0.1836107 1.367276E-08 -1.349795E-08 0.9829991
Spine.4 3.612841E-17 0.05326391 -4.088462E-10 -0.1583743 7.31912E-08 1.69921E-08 0.9873792
Neck.1 3.970513E-15 0.04069303 -3.784893E-10 0.3184443 9.114326E-07 3.117963E-07 0.9479416
Neck.2 -4.872902E-15 0.04169623 6.055835E-09 0.2638025 -9.927346E-07 2.715032E-07 0.9645768
Neck.3 1.454045E-17 0.02922441 7.56979E-09 0.2143272 1.547721E-13 -1.370781E-13 0.9767619
Neck.4 -8.334322E-17 0.02969581 6.055832E-09 0.2166861 3.846888E-15 -1.828773E-14 0.9762414
Neck.5 -1.488359E-16 0.02403946 -1.81675E-08 0.2263164 2.568592E-15 -9.224336E-15 0.9740539
Neck.6 -4.129158E-17 0.02639629 1.211166E-08 -0.2125616 -6.400163E-15 7.146764E-15 0.9771478
Neck.7 -1.970672E-17 0.02695056 -1.513958E-08 -0.2125617 -6.410439E-15 7.145953E-15 0.9771477
Neck.8 -8.878489E-18 0.02291342 -6.055832E-09 -0.2182319 -9.343926E-15 1.401415E-14 0.975897
Neck.9 4.183685E-17 0.02291341 -3.027916E-08 -0.2166355 -9.211658E-15 1.33757E-14 0.9762526
Neck.10 -2.731843E-17 0.02427731 -1.211166E-08 -0.2166359 -9.279428E-15 1.359081E-14 0.9762526
Neck.11 1.063876E-16 0.02564123 -2.422333E-08 0.1243087 4.350558E-08 -1.285317E-08 0.9922436
Head -2.887646E-15 0.02391244 9.083748E-09 -0.1699882 2.302417E-07 -1.334975E-07 0.9854461
Beak 7.854838E-09 0.03577738 -0.01251088 -0.3251472 7.946627E-07 2.156878E-07 0.9456635
EyeL 0.008230492 0.01430688 0.005630294 0.04717208 0.002577093 -0.7261586 0.6859022
EyeR -0.008122111 0.01430688 0.005630284 0.04717185 -0.002577457 0.7261561 0.6859049
LowerEyelidL 0.008185682 0.01437029 0.00475321 0.1770557 -0.1358927 -0.7133345 0.664333
LowerEyelidR -0.008077297 0.01437029 0.004753199 0.1707975 0.1291741 0.7145792 0.6659721
ThirdEyelidL 0.008185682 0.01434519 0.005100384 0.04107649 0.01912193 -0.7821147 0.6214851
ThirdEyelidR -0.008077297 0.01434519 0.005100374 0.04166733 -0.01790451 0.7630568 0.6447385
Tongue.1 6.859592E-09 0.03940137 -0.01067088 -0.03097087 -1.487187E-07 -2.319023E-09 0.9995203
Tongue.2 2.346212E-15 0.01135223 -6.055831E-09 -0.02941718 6.063983E-07 -3.141198E-08 0.9995672
Tongue.3 -1.642348E-14 0.01308195 -4.844665E-08 0.003727067 -6.073165E-07 3.487018E-09 0.9999931
UpperEyeLidL 0.008185681 0.01427677 0.006046057 0.184498 -0.1438873 -0.7117649 0.6623048
UpperEyeLidR -0.008077298 0.01427679 0.006046053 0.1844987 0.1438868 0.7117625 0.6623073
Tail.1 0 0.02238972 0 -0.7093819 4.498842E-10 4.527934E-10 0.7048243
Tail.2 0 0.03564053 -6.055832E-09 0.03320919 -3.286845E-08 4.217457E-09 0.9994485
L_TailFeather.1 -0.005593726 0.004963242 0.002304547 0.1613382 -0.09569333 0.0637076 0.9801807
L_TailFeather.2 -0.005684085 0.01018092 0.004494068 0.1515729 -0.09193874 0.0395137 0.9833675
L_TailFeather.3 -0.005358651 0.01075004 0.006816222 0.1370648 -0.07537757 0.02372557 0.987405
L_TailFeather.4 -0.004614986 0.01458542 0.008848148 0.128756 -0.05805306 0.009803603 0.9899271
L_TailFeather.5 -0.004034597 0.01457515 0.009470079 0.1200918 -0.03413487 -0.006994569 0.9921511
L_TailFeather.6 -0.003749513 0.01860095 0.00992371 0.1219588 -0.00954959 -0.01890056 0.9923093
R_TailFeather.1 0.0054853 0.004963242 0.002304547 0.159803 0.09824225 -0.07927418 0.979044
R_TailFeather.2 0.005575702 0.01018091 0.004494066 0.1493421 0.0955533 -0.06290533 0.9821454
R_TailFeather.3 0.005250237 0.01075002 0.006816219 0.1359011 0.0774449 -0.03874819 0.9869305
R_TailFeather.4 0.004506581 0.01458542 0.008848148 0.1275887 0.06063449 -0.02922948 0.9895405
R_TailFeather.5 0.003926191 0.01457515 0.009470079 0.1193244 0.03668754 -0.01440251 0.9920728
R_TailFeather.6 0.00364113 0.01860095 0.00992371 0.1218238 0.01112827 0.006002866 0.9924712
Tail.3 2.312372E-16 0.04007014 -6.055832E-09 0.1020563 3.552692E-09 1.225858E-10 0.9947787
Swan 0 0 0 -0.7071068 0 0 0.7071068
#
Swan1 (1) -0.6 -0.7001341 1.7 0 0 0 1
BoneParent 1.944793E-05 -7.550335E-05 -0.0310176 6.657903E-08 0 0 1
RootNode 0 0.123404 0 0 0 0 1
Pelvis -1.652972E-25 0.03733188 -0.03495936 0 0 0 1
L_Femur -0.03178126 0.008641648 0.006874032 -0.09968472 0.4687539 0.8584886 0.1825651
L_Tibia -2.980605E-09 0.03910423 -4.252766E-08 0.1967645 -0.6446837 0.7331783 -0.09009061
L_Tarsus.1 -3.027916E-09 0.08934754 9.840726E-09 -0.07783141 0.8854208 -0.4561582 0.04349824
L_Tarsus.2 -7.56979E-09 0.06961838 6.434322E-09 -0.1003373 4.226604E-08 -5.532926E-08 0.9949535
L.Digit.0 6.560485E-09 -0.007254607 -0.004583505 -0.4269837 -1.616446E-07 -1.267354E-07 0.9042593
L.Digit.1.1 0.00960304 0.007158852 0.002357503 0.6655854 0.1012351 -0.1111872 0.7310164
L.Digit.1.2 4.541874E-09 0.0314137 1.324713E-08 -2.442548E-08 -8.935034E-09 0.01833818 0.9998319
L.Digit.2.1 7.56979E-10 0.006937467 1.513958E-09 0.6732402 -1.77593E-07 1.637382E-07 0.7394239
L.Digit.2.2 0 0.03106652 1.958683E-08 -2.423622E-08 -3.725291E-09 -3.911556E-08 1
L.Digit.3.1 -0.006472189 0.00704079 0.001100159 0.6651538 -0.1040331 0.1142598 0.7305424
L.Digit.3.3 -4.541874E-09 0.03050261 3.359094E-09 -1.0823E-08 1.751127E-07 -0.01007116 0.9999493
R_Femur 0.03167285 0.008641648 0.006874032 0.09968495 0.4687541 0.8584886 -0.1825649
R_Tibia 1.31052E-08 0.03910425 -2.209713E-09 -0.1967651 -0.6446845 0.7331774 0.09009121
R_Tarsus.1 -1.513958E-09 0.08934755 -1.703203E-08 0.07682306 0.8855022 -0.4559804 -0.04545433
R_Tarsus.2 6.055832E-09 0.06961838 -1.513958E-08 -0.1003376 -5.763454E-08 1.27476E-08 0.9949535
R.Digit.0 -6.990049E-07 -0.007254609 -0.004583498 -0.4269837 1.769106E-07 -2.910836E-07 0.9042593
R.Digit.1.1 -0.009603048 0.007158842 0.002357503 0.6655853 -0.1012357 0.1111876 0.7310163
R.Digit.1.2 -6.055832E-09 0.03141366 -6.59991E-09 2.458121E-08 8.404091E-08 -0.01833856 0.9998319
R.Digit.2.1 2.270937E-09 0.006937462 6.434322E-09 0.6732403 -1.790887E-07 1.585427E-07 0.7394238
R.Digit.2.2 0 0.03106651 -1.262026E-08 1.666007E-09 -1.746228E-10 -4.656613E-08 1
R.Digit.3.1 0.006472184 0.007040782 0.001100171 0.6651539 0.1040326 -0.1142596 0.7305424
R.Digit.3.2 -5.298853E-09 0.0305026 -3.962312E-09 7.894104E-10 4.061833E-09 0.0100708 0.9999493
Spline.1 0 0.02238972 0 -7.444768E-07 0.7340109 0.6791376 -8.702327E-07
Spine.2 2.233413E-14 0.04255072 -8.941815E-09 -0.01958818 -4.560346E-06 1.663635E-08 0.9998081
L_Breast 0.04450031 0.04774738 -0.03407342 -0.01900169 0.00289033 0.1501752 0.9884726
L_Coracoid 0.03731622 0.01683924 0.005497423 0.1453284 0.01575135 0.08422932 0.9856658
L_Humerus 2.065923E-09 0.05751614 -2.043843E-08 -0.103539 -0.128281 -0.767509 0.6194783
L_ScapularFeather.3.1 -0.0176074 0.009721852 -0.01442042 0.18757 0.5110687 0.8299671 -0.1215765
L_ScapularFeather.3.2 8.137524E-09 0.02970628 1.81675E-08 -0.1974925 0.504523 0.5548426 0.6313501
L_ScapularFeather.2.1 -0.04272525 0.01771883 0.008293888 -0.02290626 0.002093694 -0.05644264 0.9981409
L_ScapularFeather.1.1 -0.03182777 0.01020239 -0.003220594 0.03280017 -0.0002707517 0.008249739 0.9994279
L_ScapularFeather.1.2 2.871332E-09 0.06374732 -3.115659E-09 1.733272E-07 2.609074E-09 -0.009697825 0.999953
L_ScapularFeather.2.2 7.142994E-09 0.0592156 -1.39361E-08 0.03280126 -4.68392E-05 0.001427176 0.9994609
L_Tertial.0.1 0.009548017 0.07384753 3.096797E-08 -8.527713E-08 -8.671217E-08 -0.6844192 0.7290888
L_Tertial.0.2 -4.234352E-09 0.07240871 -2.224119E-09 -6.780652E-08 -1.117911E-09 -0.02185922 0.999761
L_Tertial.1.1 0.01010314 0.05383381 3.612078E-08 -8.527713E-08 -8.671217E-08 -0.6844192 0.7290888
L_Tertial.1.2 2.188142E-09 0.07240871 -1.940918E-09 -6.319428E-08 -1.218755E-09 -0.02185922 0.999761
L_Tertial.2.1 0.008385906 0.04361141 3.899119E-08 -8.476788E-08 -9.399226E-08 -0.7140682 0.7000761
L_Tertial.2.2 5.003151E-09 0.06583965 2.428588E-08 -1.384363E-09 2.319412E-09 0.01962331 0.9998075
L_Tertial.3.1 0.00490037 0.03091197 4.271834E-08 -8.492358E-08 -9.155122E-08 -0.7040667 0.7101339
L_Tertial.3.2 -9.463072E-11 0.06575248 4.180802E-10 -5.203457E-09 -1.959217E-09 -0.01714692 0.999853
L_Ulna -4.219533E-09 0.1423809 1.423472E-08 -0.02726278 -0.002780238 0.1014177 0.9944664
L_Alula.1 -0.002713027 0.1567281 0.0002845958 -0.01952245 -0.005235851 0.07025651 0.9973242
L_Alula.2 1.26794E-08 0.04424651 7.948279E-09 0.04696239 0.0001238158 -0.002633574 0.9988932
L_D_Covert.1 0.003146583 -0.04232149 -0.01281428 0.01404278 0.0235326 -0.858404 0.5122418
L_D_Covert.2 7.891687E-09 0.04648309 -2.839459E-09 6.993591E-09 -6.476328E-09 0.1402709 0.9901132
L_Metacarpus 3.973056E-09 0.1515413 -9.083748E-09 0.002681676 0.004657962 -0.08928458 0.9959916
L_Pimary.1.1 0.007592395 0.0841048 -0.0009193098 0.02469286 -0.0009866727 0.03991375 0.9988975
L_Pimary.1.2 6.135036E-09 0.1068323 -1.259516E-08 0.0700803 -0.001734621 -0.02468344 0.9972345
L_Pimary.2.1 0.009721212 0.06882998 -0.0008731973 0.02470361 0.0006651146 -0.02690602 0.9993325
L_Pimary.2.2 2.973765E-09 0.1210249 1.330846E-08 -6.006745E-08 -4.77004E-10 -0.01544279 0.9998808
L_Pimary.3.1 0.009964862 0.05432514 -0.0002544851 0.02463083 0.002008262 -0.0812404 0.9963881
L_Pimary.3.2 5.918827E-09 0.1213932 -8.154469E-09 -6.14122E-08 -5.990265E-10 -0.01428576 0.999898
L_Pimary.4.1 0.01012366 0.04488878 -0.000186796 0.02449754 0.00325284 -0.1315874 0.9909965
L_Pimary.4.2 5.581578E-09 0.1200456 1.0413E-08 -6.756866E-08 -1.176083E-09 0.0006695167 0.9999998
L_Pimary.5.1 0.009082411 0.03790366 -4.982088E-05 0.0242958 0.004519334 -0.1828208 0.9828357
L_Pimary.5.2 -5.661546E-09 0.1091609 2.528787E-08 -2.755845E-08 8.860284E-10 -0.002820697 0.9999961
L_Pimary.6.1 0.008725789 0.03156197 -0.0001779424 0.02397928 0.005975313 -0.2417196 0.9700314
L_Pimary.6.2 3.113525E-09 0.09872128 2.001157E-08 -5.864456E-08 1.872209E-10 -0.02149003 0.9997691
L_Pimary.7.1 0.007944868 0.0250867 -0.0001270921 0.02355095 0.007487481 -0.3028911 0.9527047
L_Pimary.7.2 -1.904678E-08 0.08784254 1.50347E-09 -5.364419E-08 -2.167908E-09 -0.008882388 0.9999605
L_Pimary.8.1 0.007664779 0.01970297 -0.0002078343 0.02309332 0.008798189 -0.3559133 0.9341922
L_Pimary.8.2 -1.861761E-08 0.07696792 -8.840389E-09 -3.165715E-08 -1.569044E-09 -0.02063847 0.999787
L_Pimary.9.1 0.006475307 0.01386901 6.033314E-05 0.02259451 0.01000987 -0.4049293 0.914014
L_Pimary.9.2 2.952674E-08 0.07168683 -1.534809E-08 -5.491482E-09 1.387051E-10 -0.0453031 0.9989733
LBasalPhalanx 2.592916E-09 0.08401702 -1.532882E-08 0.02460347 -0.002319568 0.09383348 0.9952812
L_TerminalPhalanx -8.803865E-09 0.06457734 7.469355E-10 -3.027358E-08 -4.530187E-09 -0.0818064 0.9966483
L_Secondary.0.1 0.009487288 0.1610533 -0.0001040013 0.02292265 0.01501782 -0.5478081 0.8361551
L_Secondary.0.2 2.149106E-09 0.06835213 9.44012E-09 1.314872E-08 -1.823449E-09 -0.04665349 0.9989111
L_Secondary.1.1 0.01024564 0.1519351 -0.0007525861 0.0225178 0.01561831 -0.5697125 0.8213871
L_Secondary.1.2 -5.200111E-09 0.0651629 -6.396986E-10 -2.071995E-09 -2.761588E-10 -0.05903605 0.9982558
L_Secondary.2.1 0.009407463 0.1384807 0.0001131728 0.02237205 0.01582636 -0.5773017 0.816071
L_Secondary.2.2 4.139081E-09 0.06550399 0 3.896982E-09 3.9558E-09 -0.073016 0.9973308
L_Secondary.3.1 0.009227856 0.1249626 0.000173405 0.02237205 0.01582636 -0.5773017 0.816071
L_Secondary.3.2 1.189648E-08 0.06550399 0 1.453612E-08 3.573601E-09 -0.09120605 0.9958321
L_Secondary.4.1 0.009263783 0.1127596 0.0003057983 0.02237205 0.01582636 -0.5773017 0.816071
L_Secondary.4.2 4.055831E-09 0.065504 4.866666E-10 5.688335E-10 4.90491E-09 -0.1152001 0.9933423
L_Secondary.5.1 0.01087626 0.09914442 0.0008953926 0.02237206 0.01582637 -0.5773017 0.816071
L_Secondary.5.2 4.79777E-09 0.06550399 -1.800877E-09 -7.789947E-09 2.009898E-09 -0.1152001 0.9933423
L_Secondary.6.1 0.009016316 0.08504447 0.0001217299 0.02237206 0.01582636 -0.5773017 0.8160709
L_Secondary.6.2 -1.652828E-08 0.06550399 -2.661883E-08 -6.561506E-09 -1.119448E-09 -0.1152001 0.9933423
L_Secondary.7.1 0.00781094 0.07214402 0.0002158773 0.02237206 0.01582636 -0.5773017 0.816071
L_Secondary.7.2 7.173538E-09 0.06550398 -9.282837E-10 3.620712E-10 3.122048E-09 -0.1152001 0.9933423
L_Secondary.8.1 0.007818924 0.05700518 0.0004545379 0.0221291 0.01616433 -0.5896298 0.8072087
L_Secondary.8.2 -8.204536E-09 0.06545863 2.257195E-08 7.361231E-09 4.053529E-09 -0.1198499 0.992792
L_Secondary.9.1 0.007343962 0.04443552 0.0005668363 0.02177576 0.01663728 -0.6068816 0.7943197
L_Secondary.9.2 7.275998E-09 0.06728974 -2.681382E-09 6.178802E-09 -3.402666E-09 -0.1039714 0.9945803
L_Secondary.10.1 0.006713339 0.0350649 0.0004388111 0.02153479 0.01694801 -0.6182168 0.7855299
L_Secondary.10.2 2.081515E-08 0.06668834 3.036399E-10 -3.923279E-08 1.165872E-08 -0.1340217 0.9909784
L_Secondary.11.1 0.006621535 0.02898296 0.0004763909 0.02073517 0.01791747 -0.6535795 0.7563616
L_Secondary.11.2 -1.70828E-08 0.06726747 -2.658977E-08 2.923332E-08 -5.956756E-09 -0.1211216 0.9926377
L_Secondary.12.1 0.006968779 0.02285279 8.157163E-05 0.01996903 0.01876754 -0.6845879 0.728415
L_Secondary.12.2 -1.708357E-08 0.06963174 -1.831976E-09 5.03232E-10 3.782747E-09 -0.1318717 0.9912668
L_Secondary.13.1 0.007786989 0.0181949 0.0002462947 0.01911147 0.01964011 -0.7164174 0.6971335
L_Secondary.13.2 -1.14741E-08 0.07210309 -1.618591E-10 -1.537961E-08 1.025661E-09 -0.09985405 0.9950021
L_Secondary.14.1 0.005460072 0.01360027 0.0004239146 0.01798425 0.02067728 -0.7542495 0.6560158
L_Secondary.14.2 1.517327E-08 0.08085644 -2.896586E-09 -2.859916E-09 3.744608E-10 -0.07181179 0.9974182
L_Secondary.15.1 0.007563474 0.007162318 0.0003929554 0.01652999 0.02185731 -0.7972947 0.6029679
L_Secondary.15.2 -6.003761E-09 0.08022188 -1.733183E-09 -1.52911E-08 -3.279327E-09 -0.06168789 0.9980955
L_Secondary.16.1 0.008341776 0.003659243 0.0002007415 0.0148228 0.02304922 -0.8407726 0.5406944
L_Secondary.16.2 1.786923E-08 0.07654288 2.537756E-09 -1.482934E-08 5.430529E-09 -0.008749984 0.9999617
L_Secondary.17.1 0.009850481 -0.001988707 -0.0001091609 -0.01297525 -0.02413761 0.8804742 -0.4733014
L_Secondary.17.2 2.245571E-08 0.06949583 -2.001934E-08 -2.910699E-08 4.792132E-09 0.02904851 0.999578
R_Breast -0.04439236 0.04774738 -0.03407281 -0.0190027 -0.002883576 -0.1501749 0.9884726
R_Coracoid -0.03758093 0.01683923 0.005497935 0.1453279 -0.01574452 -0.08423058 0.9856659
R_Humerus -3.503491E-09 0.05751615 -1.220629E-08 -0.1035392 0.1282808 0.7675095 0.619478
R_ScapularFeather.3.1 0.01760738 0.009721863 -0.0144204 -0.1875695 0.5110691 0.8299669 0.1215773
R_ScapularFeather.3.2 7.995591E-09 0.02970624 -1.513958E-09 -0.1974929 -0.5045234 -0.5548424 0.6313499
R_ScapularFeather.2.1 0.04272525 0.01771883 0.008293832 -0.02290623 -0.002093952 0.05644315 0.9981408
R_ScapularFeather.1.1 0.03182777 0.01020238 -0.003220658 0.03280054 0.0002707603 -0.008250046 0.9994279
R_ScapularFeather.1.2 -2.396534E-09 0.06374734 -1.88877E-08 -1.145259E-08 1.166533E-09 0.009697675 0.999953
R_ScapularFeather.2.2 7.962619E-10 0.05921563 2.612464E-09 0.03280162 4.686114E-05 -0.001427841 0.9994609
R_Tertial.0.1 -0.009548029 0.07384758 4.131972E-08 2.829134E-08 -3.564531E-08 0.6844193 0.7290887
R_Tertial.0.2 6.091317E-09 0.07240872 -2.461229E-08 -4.767569E-08 5.217221E-11 0.02185907 0.9997611
R_Tertial.1.1 -0.01010315 0.05383384 3.946417E-08 2.829127E-08 -3.56454E-08 0.684419 0.729089
R_Tertial.1.2 7.120339E-09 0.07240871 -4.349841E-10 -5.228794E-08 -4.867037E-11 0.0218594 0.999761
R_Tertial.2.1 -0.008385921 0.04361146 3.875493E-08 3.782372E-08 -2.256844E-08 0.7140685 0.7000759
R_Tertial.2.2 -4.127902E-09 0.06583966 9.290749E-10 -3.713315E-09 -1.608092E-09 -0.01962391 0.9998074
R_Tertial.3.1 -0.004900386 0.03091202 3.803502E-08 3.470661E-08 -2.714453E-08 0.7040667 0.7101339
R_Tertial.3.2 -7.096612E-11 0.06575248 1.158158E-09 1.270457E-09 1.282869E-09 0.01714669 0.999853
R_Ulna 4.053055E-09 0.142381 1.386373E-10 -0.02726282 0.002780301 -0.1014178 0.9944664
R_Alula.1 0.002713024 0.1567282 0.0002845989 -0.01952224 0.005235863 -0.07025651 0.9973242
R_Alula.2 -6.261409E-09 0.04424652 -1.835674E-08 0.04696239 -0.0001238191 0.002633642 0.9988932
R_D_Covert.1 -0.003146576 -0.04232148 -0.01281435 0.01404287 -0.02353278 0.8584038 0.512242
R_D_Covert.2 2.160909E-09 0.04648309 1.281816E-09 2.899006E-08 -5.043814E-09 -0.1402709 0.9901132
R_Metacarpus -1.134167E-09 0.1515413 -9.367615E-09 0.002681877 -0.004657982 0.08928462 0.9959916
L_BasalPhalanx 2.729829E-10 0.08401707 -3.985968E-09 0.02460344 0.002319571 -0.09383346 0.9952812
L_TerminalPhalanx.001 1.156866E-08 0.0645774 9.925373E-09 -2.962203E-08 -7.291796E-10 0.08180639 0.9966483
R_Pimary.1.1 -0.007592393 0.08410484 -0.0009192987 0.02469283 0.0009866722 -0.0399137 0.9988975
R_Pimary.1.2 8.90775E-09 0.1068323 -1.625765E-08 0.07008037 0.001734619 0.02468337 0.9972345
R_Pimary.2.1 -0.009721209 0.06883003 -0.0008731863 0.02470358 -0.0006651172 0.02690607 0.9993325
R_Pimary.2.2 -5.967487E-09 0.1210249 -1.314907E-08 -2.840609E-09 4.662376E-10 0.01544274 0.9998808
R_Pimary.3.1 -0.009964858 0.05432519 -0.000254462 0.02463079 -0.002008266 0.08124041 0.9963881
R_Pimary.3.2 2.344864E-10 0.1213932 -2.272082E-08 2.375686E-08 1.138687E-09 0.01428576 0.999898
R_Pimary.4.1 -0.01012365 0.04488884 -0.0001867744 0.02449751 -0.003252847 0.1315874 0.9909965
R_Pimary.4.2 -1.48151E-08 0.1200456 -2.909101E-08 -8.222174E-09 8.095488E-10 -0.0006694199 0.9999998
R_Pimary.5.1 -0.00908241 0.03790373 -4.979776E-05 0.02429577 -0.00451934 0.1828208 0.9828357
R_Pimary.5.2 9.018665E-09 0.109161 -8.132462E-09 -1.133874E-08 -1.93474E-10 0.002820764 0.9999961
R_Pimary.6.1 -0.008725786 0.03156202 -0.0001779208 0.02397924 -0.005975327 0.2417197 0.9700314
R_Pimary.6.2 -2.597439E-09 0.09872127 5.600149E-09 5.083431E-08 2.136121E-09 0.02148974 0.9997691
R_Pimary.7.1 -0.00794486 0.02508674 -0.0001270704 0.02355093 -0.007487494 0.3028912 0.9527047
R_Pimary.7.2 -4.136777E-08 0.0878425 -2.974214E-09 -1.188163E-08 2.357421E-09 0.008882254 0.9999605
R_Pimary.8.1 -0.007664769 0.01970305 -0.0002078247 0.02309329 -0.008798204 0.3559133 0.9341922
R_Pimary.8.2 9.964322E-09 0.07696793 7.120424E-09 -3.165026E-08 1.234998E-09 0.0206386 0.999787
R_Pimary.9.1 -0.006475297 0.01386908 6.035486E-05 0.02259448 -0.01000989 0.4049294 0.914014
R_Pimary.9.2 -9.712251E-09 0.07168681 -7.652701E-10 5.432753E-09 1.433594E-09 0.04530328 0.9989733
R_Secondary.0.1 -0.009487285 0.1610533 -0.0001039978 0.0229228 -0.01501795 0.547808 0.8361551
R_Secondary.0.2 1.321591E-08 0.06835213 -7.405944E-09 5.596911E-11 -1.198366E-09 0.0466534 0.9989111
R_Secondary.1.1 -0.01024563 0.1519351 -0.0007525874 0.02251794 -0.01561844 0.5697124 0.8213871
R_Secondary.1.2 2.023889E-08 0.06516289 1.297287E-10 -2.94454E-11 4.979062E-10 0.05903606 0.9982558
R_Secondary.2.1 -0.009407463 0.1384807 0.0001131683 0.0223722 -0.0158265 0.5773018 0.8160709
R_Secondary.2.2 9.089327E-09 0.06550397 1.137457E-08 2.440909E-08 -3.290688E-11 0.07301597 0.9973308
R_Secondary.3.1 -0.009227857 0.1249626 0.000173391 0.0223722 -0.0158265 0.5773018 0.8160709
R_Secondary.3.2 -2.415293E-08 0.06550399 -1.0301E-08 1.00021E-08 -6.743878E-09 0.09120601 0.9958321
R_Secondary.4.1 -0.00926378 0.1127596 0.0003057797 0.0223722 -0.01582651 0.5773018 0.8160709
R_Secondary.4.2 1.428112E-08 0.06550398 1.153391E-08 2.13081E-08 -3.636251E-09 0.1152001 0.9933423
R_Secondary.5.1 -0.01087626 0.09914444 0.0008953704 0.0223722 -0.0158265 0.5773018 0.8160709
R_Secondary.5.2 -1.703444E-08 0.06550399 1.166311E-08 7.309356E-09 -7.567996E-09 0.1152 0.9933423
R_Secondary.6.1 -0.009016312 0.08504447 0.0001217003 0.0223722 -0.01582651 0.5773018 0.8160709
R_Secondary.6.2 6.442764E-09 0.06550398 -1.409264E-08 8.658489E-09 -5.479334E-09 0.1152001 0.9933423
R_Secondary.7.1 -0.007810941 0.07214402 0.000215843 0.0223722 -0.0158265 0.5773018 0.8160709
R_Secondary.7.2 4.135122E-09 0.06550398 1.103721E-08 8.985944E-09 -8.302877E-09 0.1152001 0.9933423
R_Secondary.8.1 -0.007818935 0.0570052 0.0004544972 0.02212924 -0.01616447 0.5896298 0.8072087
R_Secondary.8.2 2.202252E-10 0.06545864 8.953504E-09 8.76598E-09 -8.508012E-09 0.1198499 0.992792
R_Secondary.9.1 -0.007343967 0.04443555 0.0005667909 0.0217759 -0.01663743 0.6068816 0.7943197
R_Secondary.9.2 -1.650912E-08 0.06728972 6.434377E-09 6.532552E-09 1.87312E-11 0.1039714 0.9945803
R_Secondary.10.1 -0.006713336 0.03506492 0.0004387618 0.02153493 -0.01694816 0.6182167 0.7855299
R_Secondary.10.2 -1.95477E-09 0.06668834 8.155276E-09 5.257467E-09 -9.913818E-09 0.1340216 0.9909784
R_Secondary.11.1 -0.006621533 0.02898297 0.000476362 0.0207353 -0.01791763 0.6535794 0.7563617
R_Secondary.11.2 -1.215047E-08 0.06726746 6.286802E-09 1.555312E-08 -4.69623E-09 0.1211217 0.9926377
R_Secondary.12.1 -0.006968777 0.0228528 8.154107E-05 0.01996915 -0.01876771 0.6845879 0.728415
R_Secondary.12.2 -1.012426E-08 0.06963175 3.248336E-09 1.86532E-08 -4.646298E-09 0.1318716 0.9912668
R_Secondary.13.1 -0.007786984 0.01819492 0.0002462617 0.01911158 -0.0196403 0.7164173 0.6971336
R_Secondary.13.2 -1.313838E-08 0.07210308 4.363239E-09 4.281743E-09 -5.773385E-09 0.09985396 0.9950021
R_Secondary.14.1 -0.00546007 0.01360027 0.0004238803 0.01798436 -0.02067745 0.7542495 0.6560158
R_Secondary.14.2 3.273356E-10 0.08085644 8.635571E-10 1.332423E-08 -1.175889E-09 0.0718116 0.9974182
R_Secondary.15.1 -0.007563475 0.007162351 0.0003929184 0.01653009 -0.02185751 0.7972946 0.6029679
R_Secondary.15.2 1.091471E-09 0.08022189 -6.007595E-10 2.131445E-08 4.909241E-09 0.06168773 0.9980955
R_Secondary.16.1 -0.008341771 0.003659265 0.0002007029 0.0148229 -0.02304945 0.8407725 0.5406945
R_Secondary.16.2 -9.262033E-10 0.07654285 -6.993865E-09 2.368093E-09 7.532927E-09 0.008750104 0.9999617
R_Secondary.17.1 -0.009850469 -0.001988709 -0.0001092043 0.01297534 -0.02413784 0.8804743 0.4733012
R_Secondary.17.2 -1.12234E-08 0.0694958 -2.687371E-08 -2.188857E-08 6.356819E-09 -0.02904854 0.999578
Spine.3 1.479918E-14 0.0490579 -1.192243E-08 -0.01922025 3.41846E-06 8.624885E-08 0.9998153
Keel.1 4.359509E-10 0.05027283 -0.06804702 6.533346E-08 -0.1923404 0.9813283 -1.228863E-07
Keel.2 1.804779E-16 0.06065319 1.513958E-09 0.1836107 1.367276E-08 -1.349795E-08 0.9829991
Spine.4 3.612841E-17 0.05326391 -4.088462E-10 -0.01268125 7.549217E-08 -9.574841E-10 0.9999196
Neck.1 3.970513E-15 0.04069303 -3.784893E-10 0.2517104 9.229875E-07 2.780618E-07 0.9678026
Neck.2 -4.872902E-15 0.04169623 6.055835E-09 0.1960436 -1.009221E-06 2.017664E-07 0.9805952
Neck.3 1.454045E-17 0.02922441 7.56979E-09 0.1458403 1.395075E-13 -1.038592E-13 0.9893082
Neck.4 -8.334322E-17 0.02969581 6.055832E-09 0.1458404 2.82435E-14 -8.012995E-14 0.9893081
Neck.5 -1.488359E-16 0.02403946 -1.81675E-08 0.1458403 2.827655E-14 -8.047903E-14 0.9893082
Neck.6 -4.129158E-17 0.02639629 1.211166E-08 -0.1553205 -4.15913E-14 5.202918E-14 0.9878641
Neck.7 -1.970672E-17 0.02695056 -1.513958E-08 -0.1553206 -4.16603E-14 5.202923E-14 0.9878641
Neck.8 -8.878489E-18 0.02291342 -6.055832E-09 -0.1553205 -4.162582E-14 5.26873E-14 0.9878641
Neck.9 4.183685E-17 0.02291341 -3.027916E-08 -0.1553205 -4.159133E-14 5.202924E-14 0.9878641
Neck.10 -2.731843E-17 0.02427731 -1.211166E-08 -0.1553205 -4.162581E-14 5.224857E-14 0.9878641
Neck.11 1.063876E-16 0.02564123 -2.422333E-08 -0.02123993 4.563117E-08 -1.231769E-09 0.9997744
Head -2.887646E-15 0.02391244 9.083748E-09 -0.1699882 2.643231E-07 -6.086349E-08 0.9854461
Beak 7.854838E-09 0.03577738 -0.01251088 -0.023636 8.226704E-07 -3.497941E-08 0.9997206
EyeL 0.008230492 0.01430688 0.005630294 0.04717208 0.002577093 -0.7261586 0.6859022
EyeR -0.008122111 0.01430688 0.005630284 0.04717185 -0.002577457 0.7261561 0.6859049
LowerEyelidL 0.008185682 0.01437029 0.00475321 0.184498 -0.1438873 -0.711765 0.6623047
LowerEyelidR -0.008077297 0.01437029 0.004753199 0.1844987 0.1438868 0.7117625 0.6623073
ThirdEyelidL 0.008185682 0.01434519 0.005100384 0.04431887 0.009612095 -0.6258213 0.778647
ThirdEyelidR -0.008077297 0.01434519 0.005100374 0.04431846 -0.009612633 0.625819 0.7786489
Tongue.1 6.859592E-09 0.03940137 -0.01067088 0.01598324 -1.486636E-07 4.664764E-09 0.9998723
Tongue.2 2.346212E-15 0.01135223 -6.055831E-09 -0.02941718 6.063983E-07 -3.141198E-08 0.9995672
Tongue.3 -1.642348E-14 0.01308195 -4.844665E-08 0.003727067 -6.073165E-07 3.487018E-09 0.9999931
UpperEyeLidL 0.008185681 0.01427677 0.006046057 0.184498 -0.1438873 -0.7117649 0.6623048
UpperEyeLidR -0.008077298 0.01427679 0.006046053 0.1844987 0.1438868 0.7117625 0.6623073
Tail.1 0 0.02238972 0 -0.7696175 4.075532E-10 4.912413E-10 0.6385052
Tail.2 0 0.03564053 -6.055832E-09 -0.0563759 -3.3114E-08 1.258767E-09 0.9984096
L_TailFeather.1 -0.005593726 0.004963242 0.002304547 0.02480105 -0.09937799 0.3565832 0.928632
L_TailFeather.2 -0.005684085 0.01018092 0.004494068 0.01586684 -0.09542214 0.3298471 0.9390654
L_TailFeather.3 -0.005358651 0.01075004 0.006816222 0.01022042 -0.0766241 0.2587687 0.9628412
L_TailFeather.4 -0.004614986 0.01458542 0.008848148 0.00825498 -0.05916006 0.1982047 0.9783388
L_TailFeather.5 -0.004034597 0.01457515 0.009470079 0.005789395 -0.03561624 0.1182018 0.9923338
L_TailFeather.6 -0.003749513 0.01860095 0.00992371 0.01121283 -0.01224623 0.04144978 0.9990026
R_TailFeather.1 0.0054853 0.004963242 0.002304547 0.02480104 0.09937805 -0.3565832 0.928632
R_TailFeather.2 0.005575702 0.01018091 0.004494066 0.01586682 0.09542221 -0.3298471 0.9390654
R_TailFeather.3 0.005250237 0.01075002 0.006816219 0.0102204 0.07662418 -0.2587688 0.9628411
R_TailFeather.4 0.004506581 0.01458542 0.008848148 0.008254945 0.05916013 -0.1982047 0.9783388
R_TailFeather.5 0.003926191 0.01457515 0.009470079 0.005789418 0.03561633 -0.118202 0.9923338
R_TailFeather.6 0.00364113 0.01860095 0.00992371 0.01121282 0.01224623 -0.04144955 0.9990026
Tail.3 2.312372E-16 0.04007014 -6.055832E-09 -0.008129202 3.517576E-09 5.131323E-10 0.999967
Swan 0 0 0 -0.7071068 0 0 0.7071068