U_CharacterBack (1) -2.075477 -0.1086512 2.188512 0 0 0 1
U -2.075477 -0.1086512 2.188512 0 0 0 1
joint_Char -2.075477 -0.1086512 2.188512 0 0 0 1
joint_Pelvis -1.996952 0.9565434 2.072811 0.04040382 -0.8905339 -0.1238611 0.4358615
joint_HipMaster -1.997385 0.9468624 2.070343 0.7070946 0.00414706 -0.7070946 0.00414706
joint_HipLT -2.046749 0.888934 2.002007 -0.0300517 -0.6965064 0.09212444 0.7109773
joint_KneeLT -2.142341 0.4668987 1.930458 0.02529755 0.0790901 -0.3056055 0.9485306
joint_FootLT -2.069885 0.1500074 1.689808 -0.06113076 0.08069881 -0.01047499 0.9948071
joint_ToeLT -2.155177 0.01820266 1.685662 -0.009418938 -0.006515275 0.5682481 0.8227776
joint_HipRT -1.939259 0.8635914 2.082575 -0.7194485 0.1860393 0.6681728 0.03644678
joint_KneeRT -1.900773 0.4292713 2.130074 -0.03198144 -0.1023721 -0.304469 0.9464649
joint_FootRT -1.738925 0.0943647 1.971249 -0.01956756 -0.1053614 0.1132014 0.9877761
joint_ToeRT -1.821625 -0.03218717 2.013789 -0.009418904 -0.00651526 0.5682529 0.8227744
joint_TorsoA -1.99652 0.9662244 2.075279 -0.009961104 0.001544494 -0.05221575 0.998585
joint_TorsoB -1.997886 1.066923 2.112429 2.896341E-08 -1.789987E-07 0.06521353 0.9978714
joint_TorsoC -1.990305 1.175481 2.1402 0 0 0 1
joint_ClavicleLT -1.995825 1.29597 2.127045 0.04563292 0.6361743 0.7700583 -0.01449959
joint_ShoulderLT -2.07374 1.296249 2.075303 0.03272837 -0.030717 -0.1380707 0.9894049
joint_ElbowLT -2.223744 1.325937 1.907539 0.02418026 -0.08673911 0.1126797 0.9895428
joint_HandLT -2.413774 1.348762 1.774417 -0.09403777 -0.09181269 0.02133662 0.9910964
joint_CapitateLT -2.476975 1.328109 1.744169 -0.1163621 0.694368 0.09353982 0.7039626
joint_FingersALT -2.505856 1.322672 1.705889 0.1505439 0.01352359 -0.2635318 0.9527354
joint_FingersBLT -2.519143 1.307546 1.681163 0.00063284 0.0007273797 -0.1379885 0.9904334
joint_FingersCLT -2.523561 1.292479 1.662501 0.0003583879 0.001195209 0.002653628 0.9999957
joint_IndexALT -2.514274 1.308204 1.724013 0.25339 -0.02174463 -0.2670205 0.9295272
joint_IndexBLT -2.523757 1.29833 1.696553 -0.008927985 -0.01861463 0.002095908 0.9997847
joint_IndexCLT -2.53054 1.291298 1.677824 -0.008047932 -0.01971114 -0.04419499 0.9987961
joint_PisiformLT -2.456659 1.34815 1.72595 -0.02149633 0.004695803 -0.09208782 0.9955077
joint_PinkyALT -2.48188 1.347862 1.682309 -0.0524198 0.6229532 -0.2592641 0.7361819
joint_PinkyBLT -2.487652 1.343796 1.654347 -0.01024923 -0.01690655 0.004148631 0.999796
joint_PinkyCLT -2.491578 1.34109 1.637073 -0.0004673832 -0.01517781 -0.06863903 0.997526
joint_RingALT -2.494667 1.33598 1.692204 -0.1862022 0.6669347 -0.1613032 0.7032127
joint_RingBLT -2.507207 1.322633 1.664729 -0.01126407 -0.01526869 -0.000250548 0.99982
joint_RingCLT -2.514539 1.314787 1.649376 0.0002079783 -0.008622884 -0.03020778 0.9995065
joint_ThumbALT -2.44602 1.330957 1.769173 -0.3344739 0.4421091 0.3545505 0.752968
joint_ThumbBLT -2.468038 1.309558 1.773529 0.04325226 0.04149571 -0.05824792 0.9965012
joint_ThumbCLT -2.491803 1.285868 1.773403 -0.003192752 0.04169081 -0.1341223 0.9900823
joint_ClavicleRT -1.93825 1.281089 2.169499 0.6721284 -0.05876862 0.02645846 0.7376243
joint_ShoulderRT -1.872758 1.251946 2.229577 -0.08008841 -0.1469135 -0.06312366 0.9838789
joint_ElbowRT -1.696799 1.158804 2.33862 0.01219966 -0.4067553 -0.002146773 0.9134532
joint_HandRT -1.516866 1.066888 2.454938 -0.2155882 -0.2984207 -0.04940462 0.9284536
joint_CapitateRT -1.451363 1.034831 2.450756 -0.116362 0.6943679 0.09353987 0.7039626
joint_FingersART -1.403323 1.035849 2.455233 -0.06441482 -0.08691268 0.7180819 -0.6874994
joint_FingersBRT -1.398162 1.052734 2.42868 0.006717064 -0.001909072 0.6712534 -0.7411951
joint_FingersCRT -1.421312 1.059852 2.425815 0.007279487 -0.001254692 0.5603609 -0.8282156
joint_IndexART -1.409333 1.016609 2.441007 -0.06430975 -0.08774404 0.712844 -0.6928338
joint_IndexBRT -1.403948 1.032668 2.415422 -0.02588459 0.01994812 0.6408827 -0.766943
joint_IndexCRT -1.423046 1.041101 2.412207 -0.02223163 0.01711337 0.5979511 -0.8010415
joint_PisiformRT -1.45355 1.063886 2.467998 -0.02149621 0.004695774 -0.09208751 0.9955078
joint_PinkyART -1.404611 1.071586 2.477293 0.4942498 -0.5049391 0.4975863 -0.5031517
joint_PinkyBRT -1.39849 1.086467 2.45336 -0.02426804 0.01957255 0.59801 -0.8008821
joint_PinkyCRT -1.414204 1.090908 2.445978 -0.03461516 0.01666323 0.616888 -0.7861128
joint_RingART -1.402168 1.05435 2.467312 0.503301 -0.4589662 0.5261655 -0.5091051
joint_RingBRT -1.397818 1.07347 2.440745 -0.02378969 0.01897393 0.5998392 -0.7995418
joint_RingCRT -1.414961 1.078065 2.434743 -0.03881053 0.01233915 0.6205623 -0.7830989
joint_ThumbART -1.489836 1.043466 2.444689 0.334472 -0.4421093 -0.3545461 -0.7529708
joint_ThumbBRT -1.475619 1.021623 2.427881 -0.1954202 -0.03589207 0.1629442 -0.9664222
joint_ThumbCRT -1.447725 1.008525 2.4146 -0.1357129 -0.06242134 0.2282426 -0.9620764
joint_Neck -1.960443 1.340481 2.157539 0.03966352 0.02100501 -0.2460173 0.9682258
joint_Head -1.992161 1.427664 2.218419 7.142067E-05 4.317344E-06 0.1698331 0.9854728
joint_CheekLT -2.076868 1.421262 2.264507 -3.593107E-05 1.695842E-06 0.04714463 0.9988881
joint_CheekRT -2.011909 1.411945 2.311703 -3.577942E-05 2.085614E-06 0.04465551 0.9990025
joint_DimpleLT -2.069183 1.392465 2.247463 -3.595213E-05 1.721947E-06 0.04714462 0.9988881
joint_DimpleRT -2.00349 1.383043 2.295192 -3.593915E-05 1.638509E-06 0.04714462 0.9988881
joint_EyebrowInnerLT -2.068915 1.444698 2.300383 -3.588939E-05 1.684235E-06 0.04714465 0.9988881
joint_EyebrowInnerRT -2.043553 1.441061 2.31881 -3.597274E-05 1.707448E-06 0.04714465 0.9988881
joint_EyebrowOuterLT -2.083208 1.458447 2.289501 -3.593107E-05 1.695842E-06 0.04714463 0.9988881
joint_EyebrowOuterRT -2.026627 1.450332 2.330611 -3.593107E-05 1.695842E-06 0.04714463 0.9988881
joint_EyelidsDownLT -2.06505 1.449714 2.270832 -3.593107E-05 1.695842E-06 0.04714463 0.9988881
joint_EyelidsDownRT -2.01602 1.442682 2.306455 -3.593107E-05 1.695842E-06 0.04714463 0.9988881
joint_EyelidUpLT -2.065242 1.450592 2.27127 -3.593107E-05 1.695842E-06 0.04714463 0.9988881
joint_EyelidUpRT -2.016212 1.44356 2.306893 -3.593107E-05 1.695842E-06 0.04714463 0.9988881
joint_EyeLT -2.061241 1.453474 2.266568 -4.997543E-05 4.606791E-05 0.138001 0.9904321
joint_EyeRT -2.012433 1.446474 2.30203 -2.11797E-05 -3.571268E-05 0.138001 0.9904321
joint_Jaw -2.008487 1.422052 2.239771 0.6817181 0.1877286 -0.6816796 0.1879662
joint_LipCornerLT -2.062182 1.381348 2.257045 -3.596594E-05 1.684558E-06 0.04714462 0.9988881
joint_LipCornerRT -2.016583 1.374807 2.290175 -3.592196E-05 1.67497E-06 0.04714462 0.9988881
joint_LowerLip -2.046284 1.370036 2.281483 -0.002260796 -3.105938E-06 0.04763962 0.998862
joint_LowerLipLT -2.053387 1.37323 2.271655 -3.588029E-05 1.667314E-06 0.04714462 0.9988881
joint_LowerLipRT -2.034362 1.370501 2.285477 -3.60099E-05 1.695157E-06 0.04714462 0.9988881
joint_NoseMain -2.051691 1.400165 2.294884 -3.5949E-05 1.688963E-06 0.04714467 0.9988881
joint_NoseSideLT -2.058501 1.394786 2.284935 -3.593789E-05 1.664898E-06 0.04714463 0.9988881
joint_NoseSideRT -2.04134 1.392325 2.297403 -3.592424E-05 1.726784E-06 0.04714463 0.9988881
joint_UpperLip -2.047592 1.373544 2.283978 -3.595061E-05 1.674017E-06 0.04714463 0.9988881
joint_UpperLipLT -2.056511 1.378224 2.27248 -3.594716E-05 1.673222E-06 0.04714462 0.9988881
joint_UpperLipRT -2.033301 1.374895 2.289344 -3.593678E-05 1.694336E-06 0.04714461 0.9988881
