Left_WristRoot -0.07796262 -0.4547136 0.1753528 0.6581137 -0.07215476 -0.719513 0.2097168
Left_ForearmStub -0.07796262 -0.4547136 0.1753528 0.6581137 -0.07215476 -0.719513 0.2097168
Left_Thumb0 -0.06508847 -0.4553277 0.1957471 0.3148662 -0.4237036 -0.8434883 -0.09930794
Left_Thumb1 -0.04664776 -0.4529863 0.2102581 0.3267599 -0.5943849 -0.6986291 -0.2277105
Left_Thumb2 -0.02558425 -0.4508184 0.2326948 0.4867787 -0.4744326 -0.6715153 -0.2950045
Left_Thumb3 -0.01429594 -0.4487121 0.2626338 0.5084895 -0.4171198 -0.5911444 -0.4669027
Left_Index1 -0.05051427 -0.4209844 0.2587419 0.7208475 -0.1483728 -0.6247223 0.2609339
Left_Index2 -0.05682721 -0.4015532 0.2883686 0.7041044 0.1933127 -0.6830441 -0.01783626
Left_Index3 -0.05664646 -0.4083929 0.3103915 0.6699933 0.334561 -0.6478803 -0.1393885
Left_Middle1 -0.07170538 -0.4205985 0.2592719 0.7166725 -0.09411234 -0.640286 0.2599176
Left_Middle2 -0.07831846 -0.4015463 0.2946615 0.6601691 0.2913882 -0.6860288 -0.0929199
Left_Middle3 -0.07541454 -0.4149364 0.3169245 0.5903798 0.4560525 -0.6409854 -0.1805698
Left_Ring1 -0.08902224 -0.4297622 0.2569067 0.7166018 -0.08140203 -0.6203632 0.3082289
Left_Ring2 -0.09705354 -0.4112944 0.2879492 0.6454133 0.2951028 -0.7045255 3.312528E-05
Left_Ring3 -0.09284557 -0.4208983 0.3108808 0.5313661 0.4565009 -0.6966233 -0.1548325
Left_Pinky0 -0.0959606 -0.4537027 0.2110814 0.6959623 0.1205997 -0.622936 0.3362186
Left_Pinky1 -0.1043971 -0.4428287 0.2521538 0.7414821 -0.06364537 -0.5602738 0.3636576
Left_Pinky2 -0.1150102 -0.4281989 0.2750241 0.6638867 0.3442011 -0.6545077 0.1113546
Left_Pinky3 -0.1132041 -0.4341977 0.2932506 0.5357127 0.4802525 -0.6940403 -0.02603279
Left_ThumbTip -0.01238537 -0.4508682 0.2858183 0.5084895 -0.4171198 -0.5911444 -0.4669027
Left_IndexTip -0.05583201 -0.4210908 0.3274039 0.6699933 0.334561 -0.6478803 -0.1393885
Left_MiddleTip -0.07038512 -0.432725 0.3317797 0.5903798 0.4560525 -0.6409854 -0.1805698
Left_RingTip -0.08453132 -0.4363745 0.3259325 0.5313661 0.4565009 -0.6966233 -0.1548325
Left_PinkyTip -0.1047426 -0.4448836 0.3090085 0.5357127 0.4802525 -0.6940403 -0.02603279
Right_WristRoot 0.1037721 -0.4538212 0.1456175 -0.2535181 -0.5563394 0.1366384 0.7794517
Right_ForearmStub 0.1037721 -0.4538212 0.1456175 -0.2535181 -0.5563394 0.1366384 0.7794517
Right_Thumb0 0.1002301 -0.4511158 0.1693279 0.1374184 -0.7360265 0.4351172 0.500054
Right_Thumb1 0.08933269 -0.4456241 0.1895071 0.3051208 -0.6071527 0.5629683 0.470461
Right_Thumb2 0.07788284 -0.4407127 0.2177304 0.3669809 -0.5420781 0.4048195 0.6384336
Right_Thumb3 0.08059385 -0.4368957 0.2494524 0.5865821 -0.369481 0.1843856 0.6967118
Right_Index1 0.1136646 -0.4090805 0.2277467 -0.2754312 -0.501587 0.2043497 0.7942225
Right_Index2 0.1285388 -0.3874549 0.2523692 -0.02555793 -0.5817789 -0.204818 0.7867209
Right_Index3 0.1340542 -0.394201 0.2737208 0.1134744 -0.5490079 -0.4078771 0.7206596
Right_Middle1 0.1332588 -0.4105028 0.2197757 -0.3014358 -0.4721043 0.1685221 0.8110822
Right_Middle2 0.1535207 -0.3877744 0.2468317 -0.0318158 -0.5634038 -0.2698351 0.7802263
Right_Middle3 0.1592595 -0.3978444 0.2702631 0.0389713 -0.5454428 -0.4677019 0.6944266
Right_Ring1 0.1477853 -0.4213523 0.2119841 -0.3476081 -0.4311458 0.1544142 0.8181919
Right_Ring2 0.1692668 -0.4009113 0.234118 -0.1301873 -0.5618876 -0.2696507 0.7711174
Right_Ring3 0.1748933 -0.4077083 0.2577387 0.004178494 -0.5940123 -0.4720786 0.651363
Right_Pinky0 0.1347034 -0.4505765 0.1708009 -0.4157794 -0.4621007 -0.03276324 0.7826347
Right_Pinky1 0.1594259 -0.436152 0.2033138 -0.3959446 -0.341957 0.1300825 0.8422422
Right_Pinky2 0.1807722 -0.421871 0.2171021 -0.2733344 -0.4691495 -0.2782913 0.7923012
Right_Pinky3 0.1885759 -0.4254271 0.2343621 -0.1817482 -0.5535443 -0.4227809 0.6941274
Right_ThumbTip 0.09548724 -0.4401707 0.2671521 0.5865821 -0.369481 0.1843856 0.6967118
Right_IndexTip 0.1361205 -0.4087757 0.2890384 0.1134744 -0.5490079 -0.4078771 0.7206596
Right_MiddleTip 0.1593771 -0.4137688 0.287836 0.03897133 -0.5454428 -0.4677019 0.6944266
Right_RingTip 0.1725194 -0.4213086 0.2763019 0.004178494 -0.5940123 -0.4720786 0.651363
Right_PinkyTip 0.1899592 -0.432617 0.2538682 -0.1817482 -0.5535443 -0.4227809 0.6941274
