Left_WristRoot -0.1335306 -0.3921442 0.5237646 0.2928101 -0.06782132 -0.9504685 0.07919718
Left_ForearmStub -0.1335306 -0.3921442 0.5237646 0.2928101 -0.06782132 -0.9504685 0.07919718
Left_Thumb0 -0.1104737 -0.4002987 0.5280417 -0.1331161 -0.4485729 -0.8813043 -0.06607159
Left_Thumb1 -0.0872774 -0.4060231 0.5237867 -0.1709616 -0.6688696 -0.6799746 -0.2470227
Left_Thumb2 -0.06125937 -0.4239496 0.5268965 -0.1269304 -0.6188 -0.7535453 -0.1820578
Left_Thumb3 -0.03151157 -0.4381874 0.5280191 -0.2493133 -0.6517744 -0.7021332 -0.1415717
Left_Index1 -0.04320183 -0.3831961 0.5573446 0.3185735 -0.06322501 -0.9451258 -0.03536654
Left_Index2 -0.01377632 -0.3841801 0.5798125 0.3281747 -0.01481552 -0.9395217 -0.09685586
Left_Index3 0.004398808 -0.3882685 0.5945152 0.3531531 -0.02595391 -0.9349177 -0.02320711
Left_Middle1 -0.05608831 -0.3769422 0.5738024 0.3342922 -0.007999958 -0.9405501 -0.05958596
Left_Middle2 -0.02383694 -0.3814164 0.6002017 0.3375886 0.03164871 -0.9308303 -0.1363359
Left_Middle3 -0.004066944 -0.3888193 0.6168767 0.3478374 0.03141145 -0.9362719 -0.03764951
Left_Ring1 -0.07182911 -0.3804949 0.5861327 0.3488645 0.1197441 -0.8960021 -0.2472556
Left_Ring2 -0.04767481 -0.4005487 0.6076837 0.159529 0.3703707 -0.4758922 -0.7816029
Left_Ring3 -0.05475112 -0.4229186 0.5966004 0.003686808 0.4363409 -0.1227524 -0.8913615
Left_Pinky0 -0.118103 -0.3929582 0.5619399 0.4016891 0.147604 -0.894491 0.1294019
Left_Pinky1 -0.08940229 -0.3879248 0.5956751 0.3625913 0.2335026 -0.8681305 -0.2456695
Left_Pinky2 -0.07091299 -0.4058 0.6111189 0.1867741 0.4692147 -0.5339332 -0.6781361
Left_Pinky3 -0.07070486 -0.4236392 0.6024529 -0.003426224 0.534349 -0.2910955 -0.7935508
Left_ThumbTip -0.01122318 -0.4501016 0.5230721 -0.2493133 -0.6517744 -0.7021332 -0.1415717
Left_IndexTip 0.02063735 -0.3877985 0.6091458 0.3531531 -0.02595391 -0.9349177 -0.02320711
Left_MiddleTip 0.0141999 -0.3899753 0.6330197 0.3478374 0.03141145 -0.9362719 -0.03764951
Left_RingTip -0.06860171 -0.4297416 0.5784785 0.003686808 0.4363409 -0.1227524 -0.8913615
Left_PinkyTip -0.07550269 -0.4343609 0.5845154 -0.003426224 0.534349 -0.2910955 -0.7935508
Right_WristRoot -0.1511151 -0.3479799 0.4611541 0.1242481 0.951426 -0.06495985 -0.2741007
Right_ForearmStub -0.1511151 -0.3479799 0.4611541 0.1242481 0.951426 -0.06495985 -0.2741007
Right_Thumb0 -0.1749398 -0.3540564 0.4645987 -0.0207101 0.874873 -0.4655572 0.1320028
Right_Thumb1 -0.1983415 -0.3579186 0.459462 -0.297291 0.6318653 -0.7067507 0.1134349
Right_Thumb2 -0.223661 -0.3749369 0.4682522 -0.2781222 0.684509 -0.673507 0.02199244
Right_Thumb3 -0.2515226 -0.3884788 0.4796211 -0.216496 0.6556355 -0.696257 0.1962086
Right_Index1 -0.2416752 -0.3306192 0.4905553 -0.0382763 0.96771 -0.06418207 -0.2407344
Right_Index2 -0.2743096 -0.3322183 0.5079929 -0.0542663 0.9662781 -0.03363863 -0.2494603
Right_Index3 -0.2949483 -0.3343089 0.5195208 0.02042516 0.9609625 -0.03746279 -0.2733692
Right_Middle1 -0.229 -0.3250515 0.5074185 -0.03597639 0.9617835 -0.01265305 -0.2711426
Right_Middle2 -0.2646458 -0.3276647 0.5293193 -0.06361047 0.9591286 0.006900169 -0.2756422
Right_Middle3 -0.2872421 -0.3310497 0.5435202 0.03533703 0.9588017 0.01385306 -0.2815296
Right_Ring1 -0.2141454 -0.3295979 0.5204992 -0.2321817 0.9190509 0.1114984 -0.2983378
Right_Ring2 -0.2413405 -0.3483824 0.5394093 -0.798627 0.4865094 0.3327339 -0.1216221
Right_Ring3 -0.2334212 -0.3706467 0.5286894 -0.9173308 0.08916344 0.3869804 0.02828943
Right_Pinky0 -0.1681319 -0.346519 0.4986283 0.1687204 0.8982762 0.1565522 -0.3743324
Right_Pinky1 -0.1976802 -0.3382316 0.5309602 -0.2947686 0.8724189 0.2550926 -0.2948297
Right_Pinky2 -0.2172502 -0.3581726 0.5418808 -0.7581931 0.4564941 0.4556725 -0.09549306
Right_Pinky3 -0.2139191 -0.3736281 0.5299053 -0.8540702 0.1355749 0.4902605 0.1087588
Right_ThumbTip -0.2718118 -0.4013779 0.479651 -0.216496 0.6556355 -0.696257 0.1962086
Right_IndexTip -0.313333 -0.3319895 0.5311222 0.02042516 0.9609625 -0.03746279 -0.2733692
Right_MiddleTip -0.3074484 -0.3284945 0.5569657 0.03533703 0.9588017 0.01385306 -0.2815296
Right_RingTip -0.217273 -0.3755858 0.5119075 -0.9173308 0.08916344 0.3869804 0.02828943
Right_PinkyTip -0.2041857 -0.3773417 0.5111651 -0.8540702 0.1355749 0.4902605 0.1087588
