Left_WristRoot -0.09481537 -0.3402948 0.4965815 0.6166785 0.07124098 -0.7739417 -0.1250865
Left_ForearmStub -0.09481537 -0.3402948 0.4965815 0.6166785 0.07124098 -0.7739417 -0.1250865
Left_Thumb0 -0.08232828 -0.3565999 0.5092337 0.1330543 -0.1835222 -0.9271708 -0.2982792
Left_Thumb1 -0.06378067 -0.36849 0.5176329 -0.07543746 -0.3294235 -0.7255727 -0.5994446
Left_Thumb2 -0.05545376 -0.3968555 0.5264385 0.03692198 -0.3099867 -0.7285637 -0.6097052
Left_Thumb3 -0.04731702 -0.4246048 0.5402824 -0.1072078 -0.3288572 -0.7740206 -0.5303318
Left_Index1 -0.0548689 -0.3735678 0.5749345 0.5236887 0.2042575 -0.7454939 -0.3581451
Left_Index2 -0.04785354 -0.4004802 0.5977658 0.4894636 0.313832 -0.6619805 -0.4729871
Left_Index3 -0.04616071 -0.422003 0.6058626 0.5140559 0.3125556 -0.6434878 -0.4732644
Left_Middle1 -0.07459275 -0.3682224 0.5805689 0.6499546 0.1214193 -0.7274607 -0.1833506
Left_Middle2 -0.0710136 -0.3855145 0.6172676 0.6436108 0.1778571 -0.7078472 -0.2304012
Left_Middle3 -0.06930524 -0.4000238 0.6389405 0.6681469 0.1403491 -0.7167093 -0.1421608
Left_Ring1 -0.09406971 -0.3691895 0.5775638 0.6759667 0.2659857 -0.6307625 -0.2728725
Left_Ring2 -0.0963924 -0.395229 0.6037422 0.628415 0.4018534 -0.5662785 -0.3506238
Left_Ring3 -0.09729207 -0.4179734 0.6145809 0.6008143 0.4347837 -0.5708972 -0.3522243
Left_Pinky0 -0.1102492 -0.3570006 0.5295008 0.7301805 0.2229355 -0.6456214 -0.01758476
Left_Pinky1 -0.1131463 -0.3720847 0.5699958 0.6378737 0.4906549 -0.4907627 -0.3339567
Left_Pinky2 -0.1142195 -0.3998818 0.5786921 0.5611854 0.6226821 -0.364616 -0.4054542
Left_Pinky3 -0.1134225 -0.4190468 0.5768479 0.5359452 0.6472281 -0.3881156 -0.3784506
Left_ThumbTip -0.0365879 -0.4449362 0.5444251 -0.1072078 -0.3288572 -0.7740206 -0.5303318
Left_IndexTip -0.04565006 -0.4413731 0.6145641 0.5140559 0.3125556 -0.6434878 -0.4732644
Left_MiddleTip -0.06799912 -0.4083027 0.6611212 0.668147 0.1403491 -0.7167092 -0.1421608
Left_RingTip -0.09702783 -0.4387602 0.6247233 0.6008143 0.4347837 -0.5708972 -0.3522243
Left_PinkyTip -0.1107796 -0.4397064 0.5764555 0.5359452 0.6472281 -0.3881156 -0.3784506
Right_WristRoot 0.0635021 -0.3127049 0.4615187 0.04467708 0.8199635 0.004638272 -0.5706509
Right_ForearmStub 0.0635021 -0.3127049 0.4615187 0.04467708 0.8199635 0.004638272 -0.5706509
Right_Thumb0 0.04676177 -0.3217445 0.476348 -0.1690593 0.9192216 -0.3273907 -0.1388027
Right_Thumb1 0.02544 -0.32693 0.4849753 -0.5087617 0.6440219 -0.5525718 -0.1451273
Right_Thumb2 0.01186161 -0.3421963 0.5080847 -0.6915503 0.4257935 -0.4141954 -0.410975
Right_Thumb3 0.02129654 -0.3501623 0.5376719 -0.8404018 0.03524682 -0.1908817 -0.506011
Right_Index1 0.01066109 -0.3121183 0.5392972 -0.1689623 0.8493456 0.08883707 -0.4921097
Right_Index2 -0.005839169 -0.3255921 0.5682966 -0.1645173 0.8417382 0.1140919 -0.5013921
Right_Index3 -0.01605555 -0.3346162 0.5868935 -0.09913559 0.8354567 0.08710509 -0.5334764
Right_Middle1 0.0304997 -0.3088439 0.5460097 -0.06980214 0.7904653 0.1015738 -0.5999794
Right_Middle2 0.01949121 -0.318302 0.5840621 -0.08314076 0.7848099 0.125282 -0.6012201
Right_Middle3 0.01261076 -0.3256503 0.6081828 0.01031832 0.7815957 0.0952967 -0.6163769
Right_Ring1 0.04950778 -0.3141257 0.5463464 0.02529281 0.7420645 0.08905613 -0.6639048
Right_Ring2 0.04517246 -0.3171117 0.5829668 0.04310227 0.7369285 0.1178419 -0.6642228
Right_Ring3 0.04230092 -0.3194569 0.6079037 0.06726277 0.7542724 0.1024345 -0.6450242
Right_Pinky0 0.07206646 -0.3206869 0.4997798 0.1457286 0.7135299 0.1909717 -0.6581552
Right_Pinky1 0.06811473 -0.3225671 0.5428683 0.1050721 0.6906297 0.09669721 -0.7089712
Right_Pinky2 0.06891216 -0.3223333 0.5720018 0.119295 0.6573596 0.1387746 -0.731019
Right_Pinky3 0.07078598 -0.3232208 0.59116 0.1412575 0.6895432 0.1147187 -0.7010108
Right_ThumbTip 0.04244121 -0.3469611 0.5470687 -0.8404018 0.03524682 -0.1908817 -0.506011
Right_IndexTip -0.02459473 -0.339175 0.6058006 -0.09913559 0.8354567 0.08710509 -0.5334764
Right_MiddleTip 0.007353362 -0.3270389 0.6312623 0.01031832 0.7815957 0.0952967 -0.6163769
Right_RingTip 0.03922623 -0.318744 0.630818 0.06726277 0.7542724 0.1024345 -0.6450242
Right_PinkyTip 0.07145076 -0.3213536 0.6118972 0.1412575 0.6895432 0.1147187 -0.7010108
