U_CharacterBack (1) -2.135689 0.01096222 2.128202 0 0 0 1
U -2.135689 0.01096222 2.128202 0 0 0 1
joint_Char -2.135689 0.01096222 2.128202 0 0 0 1
joint_Pelvis -2.058106 1.068334 2.022447 0.03481847 -0.7618386 -0.08029822 0.641827
joint_HipMaster -2.058626 1.05847 2.020891 0.7070946 0.00414706 -0.7070946 0.00414706
joint_HipLT -2.127619 0.9915028 1.985993 0.03280191 -0.706653 -0.02485335 0.7063625
joint_KneeLT -2.149041 0.5658621 1.88235 -0.001123969 -0.0001707375 -0.1282793 0.9917375
joint_FootLT -2.149081 0.2092978 1.691446 -0.01894461 0.03857129 0.03900432 0.9983146
joint_ToeLT -2.181684 0.07881699 1.77254 -0.00941891 -0.006515316 0.5682516 0.8227752
joint_HipRT -1.993167 0.9808874 2.008305 -0.7052095 0.08526448 0.6983798 0.08760927
joint_KneeRT -1.910313 0.5531842 1.957546 -0.0006472468 0.0001269486 -0.1866817 0.9824202
joint_FootRT -1.815516 0.2080522 1.769184 -0.0408171 -0.09949296 0.04963883 0.9929609
joint_ToeRT -1.841447 0.07384936 1.846525 -0.009418907 -0.006515255 0.5682524 0.8227746
joint_TorsoA -2.057585 1.078199 2.024003 -7.577986E-05 0.0006587207 -0.05442974 0.9985174
joint_TorsoB -2.054251 1.181446 2.053177 2.896343E-08 -1.789987E-07 0.06521368 0.9978714
joint_TorsoC -2.048207 1.292388 2.069575 0 0 0 1
joint_ClavicleLT -2.073694 1.410134 2.055176 -0.05092068 0.7096545 0.7008712 -0.05076658
joint_ShoulderLT -2.165619 1.418542 2.0401 0.1293533 -0.05913212 0.1725551 0.9746774
joint_ElbowLT -2.37609 1.490088 2.08604 0.00327058 0.3012705 0.07039493 0.9509311
joint_HandLT -2.581585 1.567852 2.164004 -0.02070904 -0.05518992 -0.05205647 0.9969029
joint_CapitateLT -2.639709 1.58988 2.202374 -0.1163621 0.694368 0.09353982 0.7039626
joint_FingersALT -2.687378 1.592116 2.209553 0.08862139 0.1111812 -0.7153326 0.684167
joint_FingersBLT -2.690266 1.562133 2.220018 -0.004081702 -0.0003675642 -0.6712959 0.7411782
joint_FingersCLT -2.667766 1.555191 2.213669 -0.004112239 -0.0001933115 -0.5604054 0.8282082
joint_IndexALT -2.676116 1.597672 2.230789 0.1134371 0.136535 -0.7065125 0.685077
joint_IndexBLT -2.67927 1.568945 2.241099 0.01078303 0.002078002 -0.6419248 0.766689
joint_IndexCLT -2.659872 1.561491 2.237304 0.009752627 0.005421501 -0.5987484 0.8008594
joint_PisiformLT -2.645015 1.57873 2.170849 -0.02149633 0.004695803 -0.09208782 0.9955077
joint_PinkyALT -2.695418 1.578953 2.17047 -0.5237987 0.4740153 -0.4664929 0.5322865
joint_PinkyBLT -2.699402 1.552192 2.180453 0.00610475 0.003886861 -0.5993142 0.8004812
joint_PinkyCLT -2.683729 1.543712 2.178553 0.01726334 0.005638102 -0.61825 0.7857717
joint_RingALT -2.693428 1.58573 2.189251 -0.5440704 0.4479705 -0.4862067 0.5166362
joint_RingBLT -2.695441 1.554546 2.199917 0.008697145 0.00781516 -0.6011459 0.7990538
joint_RingCLT -2.678525 1.546996 2.197108 0.02719341 0.01765454 -0.6217363 0.7825553
joint_ThumbALT -2.602526 1.579259 2.192563 -0.3344714 0.4421096 0.354546 0.7529709
joint_ThumbBLT -2.61009 1.585203 2.222045 -0.2585038 -0.02621531 -0.5343564 0.8043332
joint_ThumbCLT -2.615959 1.555697 2.236909 -0.2372053 -0.0875613 -0.5499178 0.7960258
joint_ClavicleRT -2.001815 1.40447 2.067007 0.660751 0.04466723 0.06017826 0.7468544
joint_ShoulderRT -1.911604 1.385837 2.08322 0.1326991 -0.07759309 0.3046165 0.9399889
joint_ElbowRT -1.75531 1.397553 2.247421 0.01514531 0.1479595 0.1030555 0.9834929
joint_HandRT -1.632929 1.418652 2.444733 0.002562457 0.02580219 0.0748973 0.9968541
joint_CapitateRT -1.625227 1.429622 2.516539 -0.116362 0.6943679 0.09353987 0.7039626
joint_FingersART -1.600168 1.42555 2.557581 -0.1285155 -0.02914863 0.2806187 -0.95073
joint_FingersBRT -1.592817 1.411426 2.585208 0.0003197647 -0.0008971434 0.2107853 -0.9775319
joint_FingersCRT -1.590769 1.392757 2.600766 0.0006375258 -0.001226955 0.07123381 -0.9974588
joint_IndexART -1.623721 1.430098 2.563349 -0.1460494 -0.02485901 0.2750395 -0.94995
joint_IndexBRT -1.615527 1.416652 2.589684 -9.75821E-05 0.01987571 0.172466 -0.984815
joint_IndexCRT -1.612264 1.401581 2.604122 0.004194377 0.01976467 0.1185349 -0.9927443
joint_PisiformRT -1.597564 1.421326 2.498869 -0.02149621 0.004695774 -0.09208751 0.9955078
joint_PinkyART -1.564941 1.415749 2.536885 0.2182729 -0.6859407 0.1378973 -0.6803136
joint_PinkyBRT -1.556436 1.403959 2.561793 0.003542596 0.01801919 0.1187181 -0.9927582
joint_PinkyCRT -1.553057 1.393167 2.575695 -0.004180788 0.01568189 0.1428134 -0.9896166
joint_RingART -1.58067 1.420688 2.548322 0.2144504 -0.6578248 0.1931747 -0.6956732
joint_RingBRT -1.569268 1.404238 2.574583 0.00458488 0.01651753 0.1208643 -0.992521
joint_RingCRT -1.564873 1.391397 2.5875 -0.007825984 0.009632668 0.1475806 -0.9889722
joint_ThumbART -1.64148 1.424476 2.480471 0.3344716 -0.4421095 -0.354546 -0.7529709
joint_ThumbBRT -1.659284 1.426354 2.505794 -0.04325334 -0.04149449 0.05824659 -0.9965013
joint_ThumbCRT -1.675115 1.425711 2.535374 0.003193527 -0.04168945 0.1341219 -0.9900824
joint_Neck -2.03406 1.460275 2.064007 0.006122838 0.006428078 -0.2439238 0.9697537
joint_Head -2.038746 1.549828 2.129364 7.151836E-05 1.040524E-06 0.1698323 0.985473
joint_CheekLT -2.092682 1.543745 2.209329 -3.593107E-05 1.695842E-06 0.04714463 0.9988881
joint_CheekRT -2.012978 1.538787 2.221848 -3.589194E-05 1.729902E-06 0.04465551 0.9990025
joint_DimpleLT -2.092217 1.514262 2.191741 -3.595213E-05 1.721947E-06 0.04714462 0.9988881
joint_DimpleRT -2.011613 1.509247 2.204402 -3.593915E-05 1.638509E-06 0.04714462 0.9988881
joint_EyebrowInnerLT -2.0704 1.569338 2.236681 -3.588939E-05 1.684235E-06 0.04714465 0.9988881
joint_EyebrowInnerRT -2.039281 1.567402 2.241569 -3.597274E-05 1.707448E-06 0.04714465 0.9988881
joint_EyebrowOuterLT -2.088737 1.582078 2.23305 -3.593107E-05 1.695842E-06 0.04714463 0.9988881
joint_EyebrowOuterRT -2.019312 1.577758 2.243955 -3.593107E-05 1.695842E-06 0.04714463 0.9988881
joint_EyelidsDownLT -2.080689 1.572808 2.208477 -3.593107E-05 1.695842E-06 0.04714463 0.9988881
joint_EyelidsDownRT -2.02053 1.569065 2.217926 -3.593107E-05 1.695842E-06 0.04714463 0.9988881
joint_EyelidUpLT -2.080703 1.573703 2.208922 -3.593107E-05 1.695842E-06 0.04714463 0.9988881
joint_EyelidUpRT -2.020544 1.569961 2.218371 -3.593107E-05 1.695842E-06 0.04714463 0.9988881
joint_EyeLT -2.079433 1.576426 2.202806 -5.008891E-05 4.571101E-05 0.138001 0.9904321
joint_EyeRT -2.019546 1.5727 2.212212 -2.11797E-05 -3.571268E-05 0.138001 0.9904321
joint_Jaw -2.043239 1.544976 2.156014 0.6817181 0.1877286 -0.6816796 0.1879662
joint_LipCornerLT -2.081081 1.503882 2.197459 -3.596594E-05 1.684558E-06 0.04714462 0.9988881
joint_LipCornerRT -2.025132 1.500401 2.206247 -3.592196E-05 1.67497E-06 0.04714462 0.9988881
joint_LowerLip -2.055255 1.494369 2.212305 -0.002260796 -3.105938E-06 0.04763962 0.998862
joint_LowerLipLT -2.066205 1.496823 2.20671 -3.588029E-05 1.667314E-06 0.04714462 0.9988881
joint_LowerLipRT -2.042862 1.495371 2.210376 -3.60099E-05 1.695157E-06 0.04714462 0.9988881
joint_NoseMain -2.055422 1.525041 2.225565 -3.5949E-05 1.688963E-06 0.04714467 0.9988881
joint_NoseSideLT -2.065748 1.518939 2.220046 -3.593789E-05 1.664898E-06 0.04714463 0.9988881
joint_NoseSideRT -2.044692 1.517629 2.223353 -3.592424E-05 1.726784E-06 0.04714463 0.9988881
joint_UpperLip -2.055451 1.497974 2.21499 -3.595061E-05 1.674017E-06 0.04714463 0.9988881
joint_UpperLipLT -2.068849 1.501771 2.208688 -3.594716E-05 1.673222E-06 0.04714462 0.9988881
joint_UpperLipRT -2.040371 1.5 2.213161 -3.593678E-05 1.694336E-06 0.04714461 0.9988881
