Left_WristRoot 0.1443252 -0.3617224 0.1340695 0.6049895 -0.008358196 -0.7437851 0.2840805
Left_ForearmStub 0.1443252 -0.3617224 0.1340695 0.6049895 -0.008358196 -0.7437851 0.2840805
Left_Thumb0 0.1597559 -0.3593948 0.1521988 0.289205 -0.4114156 -0.8642994 0.009175643
Left_Thumb1 0.1792221 -0.35346 0.1637116 0.4386337 -0.5752954 -0.6879898 0.05749713
Left_Thumb2 0.1978381 -0.3356022 0.1801499 0.5382416 -0.4553091 -0.7077672 0.04533571
Left_Thumb3 0.2110793 -0.317979 0.2030605 0.4404344 -0.5685222 -0.6936013 0.0414436
Left_Index1 0.1768352 -0.3210738 0.2114381 0.5023351 0.1777497 -0.8364425 -0.1281744
Left_Index2 0.1933371 -0.3350971 0.2397981 0.4580658 0.3014804 -0.784808 -0.2887243
Left_Index3 0.2027948 -0.3517747 0.2522573 0.473704 0.3202092 -0.7589937 -0.3114474
Left_Middle1 0.1563712 -0.3242534 0.2150437 0.6108506 0.0629532 -0.7596187 0.2141916
Left_Middle2 0.1629125 -0.3142174 0.2536126 0.6102265 0.08396032 -0.7602164 0.2065086
Left_Middle3 0.1673176 -0.3087352 0.2785594 0.6114416 0.05383311 -0.7315606 0.29675
Left_Ring1 0.140886 -0.33621 0.2153594 0.6636791 0.0002014413 -0.650073 0.3700478
Left_Ring2 0.1352063 -0.3185685 0.2470223 0.6518924 0.0391436 -0.6569656 0.3766969
Left_Ring3 0.131863 -0.3074702 0.2691738 0.6319064 0.0140913 -0.6659335 0.3962682
Left_Pinky0 0.1318214 -0.3624504 0.1717192 0.6313781 0.1968463 -0.6420414 0.3878093
Left_Pinky1 0.1276115 -0.3517376 0.2130969 0.7661967 0.007012509 -0.4919248 0.4134049
Left_Pinky2 0.1127002 -0.3402928 0.2350517 0.7687914 0.05476945 -0.4645001 0.4361193
Left_Pinky3 0.1019516 -0.3341598 0.2496126 0.7463962 0.01447815 -0.4911662 0.4488199
Left_ThumbTip 0.2251728 -0.3042502 0.2152864 0.4404344 -0.5685222 -0.6936013 0.0414436
Left_IndexTip 0.2102184 -0.3675781 0.2640397 0.473704 0.3202093 -0.7589937 -0.3114474
Left_MiddleTip 0.1683208 -0.2993365 0.3000895 0.6114416 0.05383311 -0.7315606 0.29675
Left_RingTip 0.1282574 -0.2948877 0.2880104 0.6319064 0.0140913 -0.6659335 0.3962682
Left_PinkyTip 0.09092446 -0.3246709 0.2642793 0.7463962 0.01447815 -0.4911662 0.4488199
Right_WristRoot 0.276507 -0.3550259 0.1041823 -0.2625571 -0.581317 0.04266762 0.7689694
Right_ForearmStub 0.276507 -0.3550259 0.1041823 -0.2625571 -0.581317 0.04266762 0.7689694
Right_Thumb0 0.2709031 -0.3538572 0.1274078 0.08594368 -0.7873592 0.3708307 0.4849371
Right_Thumb1 0.2588643 -0.3486123 0.1467536 0.1352918 -0.5580617 0.5450714 0.6108688
Right_Thumb2 0.2522244 -0.3328612 0.1721206 0.09794242 -0.5480564 0.448709 0.6990724
Right_Thumb3 0.252116 -0.3163287 0.199277 0.1093641 -0.5649418 0.580593 0.576014
Right_Index1 0.2834981 -0.3195916 0.1901512 0.04866512 -0.6860158 -0.2086261 0.695334
Right_Index2 0.2824888 -0.3323267 0.2234686 0.1312553 -0.6633841 -0.3262898 0.6604761
Right_Index3 0.2803604 -0.3461639 0.241547 0.1308249 -0.6401327 -0.3356694 0.6785583
Right_Middle1 0.3032861 -0.3231309 0.1840037 -0.2119599 -0.5657361 -0.05673653 0.7948565
Right_Middle2 0.3175607 -0.3170878 0.2212969 -0.2044962 -0.5676824 -0.08680035 0.7927068
Right_Middle3 0.3263837 -0.3146368 0.2455446 -0.2830901 -0.5392252 -0.03307024 0.7924662
Right_Ring1 0.3168375 -0.3351716 0.1766393 -0.3390762 -0.4501708 0.04552144 0.8248039
Right_Ring2 0.3385037 -0.3212162 0.2027516 -0.3614033 -0.4533937 0.01943399 0.8145209
Right_Ring3 0.353207 -0.3122316 0.2208658 -0.3747472 -0.4678453 0.04877476 0.798941
Right_Pinky0 0.3044869 -0.3584086 0.1321118 -0.4087137 -0.4684614 -0.1299787 0.7724006
Right_Pinky1 0.327132 -0.3505848 0.1677572 -0.3837413 -0.2966636 0.06414153 0.8721349
Right_Pinky2 0.3507091 -0.3407707 0.1812902 -0.4102175 -0.2786468 0.0002739169 0.8683765
Right_Pinky3 0.366851 -0.336393 0.1905337 -0.4157222 -0.3110746 0.04148134 0.8536318
Right_ThumbTip 0.244451 -0.3029282 0.216547 0.1093641 -0.5649418 0.580593 0.576014
Right_IndexTip 0.2799598 -0.3586285 0.2585221 0.1308249 -0.6401327 -0.3356694 0.6785583
Right_MiddleTip 0.3367866 -0.3079417 0.2655407 -0.2830901 -0.5392252 -0.03307024 0.7924662
Right_RingTip 0.3665687 -0.3014762 0.2360949 -0.3747472 -0.4678453 0.04877476 0.798941
Right_PinkyTip 0.383497 -0.3286945 0.2000413 -0.4157222 -0.3110746 0.04148134 0.8536318
