U_CharacterBack (1) -2.118304 -0.006566622 2.193165 0 0 0 1
U -2.118304 -0.006566622 2.193165 0 0 0 1
joint_Char -2.118304 -0.006566622 2.193165 0 0 0 1
joint_Pelvis -2.032457 1.069566 2.086346 0.2418747 -0.7311096 -0.07702699 0.633279
joint_HipMaster -2.029906 1.060802 2.082261 0.9660743 0.1161572 0.06985915 -0.2198355
joint_HipLT -2.07555 0.9872203 2.027812 0.7520368 0.01793022 -0.6467215 -0.1259782
joint_KneeLT -2.13519 0.5628229 1.934534 0.7535183 0.03981873 -0.6367195 -0.1587853
joint_FootLT -2.192701 0.1800471 1.817242 0.7447209 0.05426663 -0.6560406 -0.1098028
joint_ToeLT -2.216122 0.06625392 1.922916 0.6403345 -0.3716458 -0.6065102 0.2898217
joint_HipRT -1.943871 1.013702 2.053246 0.09025571 -0.7518026 -0.08085804 0.6481581
joint_KneeRT -1.930322 0.5879816 1.948605 0.1170558 -0.748717 -0.1237348 0.6406329
joint_FootRT -1.923549 0.2069964 1.813006 0.08994883 -0.7795405 -0.09809139 0.6120491
joint_ToeRT -1.951982 0.08897974 1.912646 -0.3753721 -0.6955634 0.2591628 0.5550875
joint_TorsoA -2.035009 1.078329 2.090431 0.3068566 -0.7045774 -0.1292008 0.6266714
joint_TorsoB -2.064042 1.161872 2.151258 0.2602554 -0.723089 -0.08805826 0.633763
joint_TorsoC -2.093777 1.257227 2.202609 0.2602554 -0.723089 -0.08805826 0.633763
joint_ClavicleLT -2.157245 1.35811 2.225316 -0.6589932 0.2950152 0.5156502 0.4613015
joint_ShoulderLT -2.238108 1.320666 2.196907 -0.4623353 0.0502676 0.862715 0.1986009
joint_ElbowLT -2.326445 1.112724 2.174909 -0.70016 0.2058781 0.675335 0.1063627
joint_HandLT -2.427151 0.9046225 2.205015 -0.8736594 0.2988067 0.3824939 0.0336498
joint_CapitateLT -2.475109 0.8573748 2.233361 -0.8565804 0.2709284 -0.2994624 -0.321233
joint_FingersALT -2.490715 0.8123797 2.24116 -0.7781155 -0.4760392 -0.06710799 -0.4042526
joint_FingersBLT -2.468822 0.8053666 2.263258 -0.2543448 -0.8754727 0.2169342 -0.3489935
joint_FingersCLT -2.454269 0.8243035 2.258324 0.2821965 -0.8696221 0.3685383 -0.1682334
joint_IndexALT -2.501545 0.8272523 2.257598 -0.7809756 -0.4703496 -0.07106897 -0.4047196
joint_IndexBLT -2.480768 0.8201966 2.279046 -0.3094177 -0.8550116 0.232626 -0.3451111
joint_IndexCLT -2.466199 0.8349897 2.275154 0.2597073 -0.8588386 0.417006 -0.1451027
joint_PisiformLT -2.453873 0.84586 2.209639 -0.8997707 0.208947 0.3799976 0.04853795
joint_PinkyALT -2.465306 0.7968054 2.211542 -0.772554 -0.5058869 -0.1840129 -0.3367169
joint_PinkyBLT -2.446337 0.7892668 2.231915 -0.3279737 -0.8650255 0.08138435 -0.3708659
joint_PinkyCLT -2.435087 0.8030949 2.233752 0.2643166 -0.8733342 0.3281669 -0.2443994
joint_RingALT -2.478342 0.802551 2.225673 -0.7668544 -0.5360277 -0.1398816 -0.3241025
joint_RingBLT -2.45419 0.7954432 2.247038 -0.301959 -0.8857464 0.1098734 -0.3349663
joint_RingCLT -2.442788 0.8103102 2.247182 0.3015532 -0.8726135 0.3320115 -0.1933385
joint_ThumbALT -2.453367 0.8902435 2.227156 -0.732258 0.4216889 0.01362667 -0.5345946
joint_ThumbBLT -2.472067 0.8879867 2.251792 -0.8813418 0.2716862 -0.00840988 -0.3864627
joint_ThumbCLT -2.488355 0.8694079 2.274498 -0.9618515 0.03495726 -0.01177064 -0.2710753
joint_ClavicleRT -2.086928 1.372908 2.238554 0.5325257 -0.4734448 0.5011156 0.4910701
joint_ShoulderRT -1.993733 1.379399 2.234016 0.4278391 -0.6912622 0.09022223 0.5753005
joint_ElbowRT -1.835901 1.2392 2.150587 0.2110904 -0.9394858 -0.0103972 0.2696288
joint_HandRT -1.744737 1.026888 2.119493 0.1186218 -0.9907247 -0.06563064 -0.009308666
joint_CapitateRT -1.749058 0.9549811 2.107386 0.0374881 -0.7073557 -0.07998779 0.7013167
joint_FingersART -1.729528 0.9131027 2.093469 0.6033221 -0.3864076 -0.4889506 0.4976136
joint_FingersBRT -1.730177 0.919676 2.062273 0.7049069 0.1200792 -0.6977731 0.04243315
joint_FingersCRT -1.73575 0.9432725 2.064901 0.5165544 0.4967944 -0.6011072 -0.3536071
joint_IndexART -1.754079 0.9107627 2.092786 0.6165357 -0.3715692 -0.464335 0.5159591
joint_IndexBRT -1.754722 0.9166368 2.062677 0.7182786 0.1066039 -0.6814722 0.0911476
joint_IndexCRT -1.760582 0.9369299 2.06298 0.5163591 0.508752 -0.597271 -0.3432386
joint_PisiformRT -1.718194 0.9688082 2.10897 0.2098307 -0.9739834 -0.08521838 -0.008108437
joint_PinkyART -1.690609 0.9287919 2.095612 0.6113004 -0.3798831 -0.4517078 0.5272207
joint_PinkyBRT -1.690951 0.9332751 2.067126 0.7224951 0.06120361 -0.6724472 0.1485609
joint_PinkyCRT -1.696117 0.9502708 2.064754 0.5365802 0.4834746 -0.6170236 -0.3124368
joint_RingART -1.70839 0.9195637 2.094467 0.6251866 -0.3586121 -0.4753901 0.5045231
joint_RingBRT -1.709424 0.9272807 2.062379 0.7237703 0.08866689 -0.6747251 0.1141979
joint_RingCRT -1.714715 0.9452335 2.061523 0.5266271 0.5024628 -0.5884489 -0.3520277
joint_ThumbART -1.759012 0.9933131 2.112197 0.2298094 0.7702075 0.3316441 -0.4939442
joint_ThumbBRT -1.780151 0.9723987 2.103395 -0.09070726 0.6696512 0.7235985 -0.1405182
joint_ThumbCRT -1.782898 0.9745344 2.07002 -0.3440571 0.3240283 0.8198312 0.3232766
joint_Neck -2.135804 1.412875 2.251849 0.4299812 -0.6671958 -0.02357628 0.6077913
joint_Head -2.196291 1.482685 2.313339 0.3104701 -0.7305322 0.08003641 0.6029308
joint_CheekLT -2.245921 1.445205 2.387316 0.2756624 -0.7443588 0.1083466 0.5984994
joint_CheekRT -2.178727 1.484916 2.408343 0.2775163 -0.7436696 0.1068551 0.5987677
joint_DimpleLT -2.227313 1.421501 2.370864 0.2756624 -0.7443587 0.1083466 0.5984994
joint_DimpleRT -2.159361 1.46166 2.392128 0.2756624 -0.7443588 0.1083466 0.5984993
joint_EyebrowInnerLT -2.244636 1.477991 2.416005 0.2756624 -0.7443588 0.1083467 0.5984993
joint_EyebrowInnerRT -2.218402 1.493495 2.424215 0.2756623 -0.7443588 0.1083466 0.5984994
joint_EyebrowOuterLT -2.266449 1.478521 2.410037 0.2756624 -0.7443588 0.1083466 0.5984994
joint_EyebrowOuterRT -2.207922 1.51311 2.428352 0.2756624 -0.7443588 0.1083466 0.5984994
joint_EyelidsDownLT -2.252055 1.476047 2.386773 0.2756624 -0.7443588 0.1083466 0.5984994
joint_EyelidsDownRT -2.201339 1.50602 2.402643 0.2756624 -0.7443588 0.1083466 0.5984994
joint_EyelidUpLT -2.252611 1.47677 2.387183 0.2756624 -0.7443588 0.1083466 0.5984994
joint_EyelidUpRT -2.201895 1.506743 2.403054 0.2756624 -0.7443588 0.1083466 0.5984994
joint_EyeLT -2.252424 1.479929 2.381149 0.2066515 -0.7663643 0.1624532 0.5861658
joint_EyeRT -2.201936 1.509766 2.396948 0.2066755 -0.7664111 0.1624491 0.5860974
joint_Jaw -2.200139 1.475327 2.339512 0.9523504 0.2420753 0.1603397 0.09337848
joint_LipCornerLT -2.212973 1.418872 2.378068 0.2756624 -0.7443588 0.1083466 0.5984994
joint_LipCornerRT -2.165806 1.446747 2.392828 0.2756624 -0.7443588 0.1083466 0.5984994
joint_LowerLip -2.187961 1.424829 2.395866 0.2739516 -0.7446744 0.1070162 0.5991313
joint_LowerLipLT -2.197764 1.420968 2.389067 0.2756624 -0.7443588 0.1083467 0.5984993
joint_LowerLipRT -2.178085 1.432598 2.395225 0.2756623 -0.7443587 0.1083466 0.5984994
joint_NoseMain -2.206522 1.449821 2.408009 0.2756624 -0.7443588 0.1083466 0.5984994
joint_NoseSideLT -2.211072 1.439192 2.401636 0.2756624 -0.7443588 0.1083466 0.5984994
joint_NoseSideRT -2.193321 1.449683 2.40719 0.2756624 -0.7443587 0.1083467 0.5984994
joint_UpperLip -2.190407 1.427634 2.398394 0.2756624 -0.7443588 0.1083466 0.5984994
joint_UpperLipLT -2.2029 1.423553 2.39059 0.2756624 -0.7443588 0.1083466 0.5984994
joint_UpperLipRT -2.178892 1.437742 2.398103 0.2756624 -0.7443587 0.1083466 0.5984994
U_Char -2.118304 -0.006566622 2.193165 0 0 0 1
U_Char_Eye_L -2.118304 -0.006566622 2.193165 0 0 0 1
U_Char_Eye_R -2.118304 -0.006566622 2.193165 0 0 0 1
