Left_WristRoot -0.01921732 -0.2995749 0.4801846 0.6318654 0.01483613 -0.7730768 -0.05364844
Left_ForearmStub -0.01921732 -0.2995749 0.4801846 0.6318654 0.01483613 -0.7730768 -0.05364844
Left_Thumb0 -0.006366423 -0.3129376 0.4958596 0.1723117 -0.2601172 -0.911177 -0.2690802
Left_Thumb1 0.01251841 -0.322447 0.5066338 0.1389764 -0.4819822 -0.7130531 -0.4898307
Left_Thumb2 0.02746689 -0.3399747 0.5274458 0.2230943 -0.4566064 -0.7456023 -0.4310648
Left_Thumb3 0.0445309 -0.3541427 0.5508831 0.1281199 -0.4945005 -0.7282616 -0.4568252
Left_Index1 0.02028145 -0.3168486 0.5644354 0.6086119 0.237909 -0.6607366 -0.3693481
Left_Index2 0.01978699 -0.3450123 0.5871975 0.4619823 0.4869673 -0.4446637 -0.593051
Left_Index3 0.01676376 -0.3676936 0.5833281 0.3979797 0.5485055 -0.3245764 -0.6598516
Left_Middle1 0.0001159292 -0.3113502 0.5687131 0.6430273 0.293469 -0.6248811 -0.3315351
Left_Middle2 -0.001802344 -0.3438039 0.5936774 0.3946071 0.5971206 -0.3538516 -0.6020975
Left_Middle3 -0.002761783 -0.3674101 0.5821084 0.2715447 0.7038537 -0.1590038 -0.636845
Left_Ring1 -0.01935988 -0.3136356 0.5655766 0.7202786 0.2319398 -0.6236029 -0.196271
Left_Ring2 -0.02362888 -0.3351921 0.5956368 0.6053269 0.483129 -0.5199248 -0.3603391
Left_Ring3 -0.02343933 -0.359541 0.6027737 0.5019767 0.5971019 -0.4617303 -0.4222489
Left_Pinky0 -0.03491595 -0.3108375 0.515518 0.7310033 0.1784582 -0.6556388 0.06264635
Left_Pinky1 -0.03825182 -0.3186299 0.5582761 0.8347318 0.05971908 -0.5473732 0.006251257
Left_Pinky2 -0.04979858 -0.3213537 0.5851038 0.8490579 0.1386011 -0.509768 0.005176228
Left_Pinky3 -0.05836814 -0.3258161 0.6019205 0.824083 0.1308108 -0.5509377 0.01559814
Left_ThumbTip 0.05838699 -0.3661633 0.565588 0.1281199 -0.4945005 -0.7282616 -0.4568252
Left_IndexTip 0.01247276 -0.3865781 0.574273 0.3979797 0.5485055 -0.3245764 -0.6598517
Left_MiddleTip -0.002260119 -0.382185 0.5633741 0.2715447 0.7038537 -0.1590038 -0.636845
Left_RingTip -0.02076023 -0.3826611 0.6032727 0.5019767 0.5971019 -0.4617303 -0.4222489
Left_PinkyTip -0.06593458 -0.3288085 0.6212437 0.824083 0.1308108 -0.5509377 0.01559814
Right_WristRoot 0.149833 -0.3391308 0.63059 -0.05593926 0.730685 0.011205 -0.6803269
Right_ForearmStub 0.149833 -0.3391308 0.63059 -0.05593926 0.730685 0.011205 -0.6803269
Right_Thumb0 0.1392848 -0.352549 0.6478555 -0.2910309 0.8954826 -0.2465997 -0.2293481
Right_Thumb1 0.1220709 -0.362234 0.6610096 -0.3069522 0.7272561 -0.5070151 -0.3461427
Right_Thumb2 0.1043151 -0.3651977 0.6863032 -0.345518 0.6956227 -0.4089803 -0.4790218
Right_Thumb3 0.09456016 -0.3680657 0.7169272 -0.3563538 0.7136861 -0.4775985 -0.3681903
Right_Index1 0.121674 -0.3563058 0.7192962 -0.3508859 0.6672616 0.2266725 -0.616653
Right_Index2 0.121919 -0.3833885 0.7433384 -0.5472966 0.4956025 0.4480236 -0.5041029
Right_Index3 0.1244092 -0.4064602 0.7435534 -0.6035029 0.4082811 0.4990425 -0.4690923
Right_Middle1 0.1421388 -0.3505003 0.7209297 -0.1343753 0.6983889 0.0969221 -0.6962777
Right_Middle2 0.1423732 -0.363726 0.7597261 -0.152422 0.6890529 0.130006 -0.6964714
Right_Middle3 0.1428101 -0.3740155 0.7839325 -0.06427972 0.6921535 0.08753246 -0.7135332
Right_Ring1 0.1610856 -0.3525431 0.7153425 -0.06561866 0.6614308 0.0890231 -0.7418076
Right_Ring2 0.1651506 -0.3606933 0.7514476 -0.1823001 0.6297141 0.277392 -0.7023394
Right_Ring3 0.1664961 -0.3764059 0.7713258 -0.2195623 0.6305639 0.3452543 -0.6595311
Right_Pinky0 0.170078 -0.3499108 0.6636909 0.07174791 0.6085104 0.1667323 -0.7725074
Right_Pinky1 0.1789608 -0.3573338 0.7057159 0.04934296 0.5829998 0.02507655 -0.8105848
Right_Pinky2 0.1883172 -0.3568386 0.7335131 -0.004812691 0.5519538 0.1893529 -0.8120773
Right_Pinky3 0.1945038 -0.3629062 0.7508643 0.002226131 0.5913345 0.1914195 -0.7833756
Right_ThumbTip 0.08268403 -0.3708626 0.7370234 -0.3563538 0.7136861 -0.4775985 -0.3681903
Right_IndexTip 0.128262 -0.4271582 0.7398409 -0.6035029 0.4082811 0.4990425 -0.4690923
Right_MiddleTip 0.1437758 -0.3780628 0.8074316 -0.06427972 0.6921535 0.08753246 -0.7135332
Right_RingTip 0.1662314 -0.3924306 0.7882109 -0.2195623 0.6305639 0.3452543 -0.6595311
Right_PinkyTip 0.1993967 -0.3679989 0.7706054 0.002226101 0.5913345 0.1914195 -0.7833756
