Left_WristRoot 0.1421577 0.3903811 -0.0671659 -0.7660733 -0.04558928 -0.6256387 -0.1401055
Left_ForearmStub 0.1421577 0.3903811 -0.0671659 -0.7660733 -0.04558928 -0.6256387 -0.1401055
Left_Thumb0 0.1271632 0.3766973 -0.08052148 -0.9497252 -0.2069702 -0.174155 0.1576565
Left_Thumb1 0.1068875 0.3686638 -0.08992894 -0.7730838 -0.5580037 0.05906975 0.2957772
Left_Thumb2 0.09538162 0.3407693 -0.09734784 -0.793162 -0.5446502 -0.04367119 0.2689664
Left_Thumb3 0.08236949 0.3136242 -0.1090476 -0.7422719 -0.5988896 0.0321503 0.2988811
Left_Index1 0.1000164 0.3647477 -0.1480336 -0.7907985 -0.2570816 -0.4945767 -0.2528652
Left_Index2 0.08629289 0.3409432 -0.1716745 -0.6067789 -0.5496836 -0.347061 -0.4574016
Left_Index3 0.08269748 0.3180745 -0.1697774 -0.4833996 -0.6530817 -0.2831691 -0.5095338
Left_Middle1 0.1208291 0.3659059 -0.1526676 -0.7372883 -0.04445997 -0.65922 -0.1409203
Left_Middle2 0.1156228 0.3555939 -0.1920334 -0.7128276 -0.1734578 -0.6234591 -0.2703481
Left_Middle3 0.1113463 0.3402072 -0.2129666 -0.6998183 -0.1469401 -0.6305133 -0.3018547
Left_Ring1 0.1396583 0.3609999 -0.1486106 -0.6237937 -0.223197 -0.6539418 -0.3652735
Left_Ring2 0.137978 0.3328173 -0.1729395 -0.4721659 -0.4251294 -0.4526018 -0.6256804
Left_Ring3 0.1321664 0.3082379 -0.1702834 -0.3716176 -0.4926493 -0.2968422 -0.7287538
Left_Pinky0 0.1556223 0.3703214 -0.09942919 -0.6239453 0.05170639 -0.7200303 -0.2992913
Left_Pinky1 0.1574626 0.3543328 -0.1399809 -0.42695 -0.3249499 -0.5336111 -0.6537433
Left_Pinky2 0.151023 0.3257022 -0.1408846 -0.2765651 -0.408763 -0.3864273 -0.7791654
Left_Pinky3 0.1438955 0.3096238 -0.1326687 -0.2551565 -0.395412 -0.2949336 -0.8316001
Left_ThumbTip 0.07466136 0.2926395 -0.1163909 -0.7422718 -0.5988896 0.03215036 0.2988811
Left_IndexTip 0.08291339 0.2980128 -0.1623397 -0.4833996 -0.6530817 -0.2831691 -0.5095338
Left_MiddleTip 0.1079644 0.3269902 -0.2325729 -0.6998183 -0.1469401 -0.6305133 -0.3018547
Left_RingTip 0.1246335 0.2887637 -0.1599424 -0.3716176 -0.4926493 -0.2968422 -0.7287538
Left_PinkyTip 0.1332858 0.2943552 -0.122939 -0.2551565 -0.395412 -0.2949336 -0.8316001
Right_WristRoot -0.1135882 0.160279 -0.178558 0.04541039 -0.4700657 0.02873878 -0.8809939
Right_ForearmStub -0.1135882 0.160279 -0.178558 0.04541039 -0.4700657 0.02873878 -0.8809939
Right_Thumb0 -0.09466838 0.1480421 -0.1876547 -0.2847564 -0.002779394 0.1739997 -0.9426719
Right_Thumb1 -0.07235537 0.1402878 -0.1901334 -0.494388 -0.03915676 0.1503056 -0.8552517
Right_Thumb2 -0.04278176 0.1335021 -0.1968326 -0.4319499 -0.1012439 0.08981399 -0.8916852
Right_Thumb3 -0.01166854 0.1311539 -0.2051697 -0.5043074 -0.00338605 0.06280304 -0.8612308
Right_Index1 -0.04389416 0.1459573 -0.2410894 0.09270035 -0.4217386 0.1971729 -0.8801512
Right_Index2 -0.02335931 0.1305422 -0.266674 0.3370585 -0.2934179 0.6473457 -0.6174471
Right_Index3 -0.02359857 0.10738 -0.2649541 0.4037876 -0.209278 0.7974789 -0.3964664
Right_Middle1 -0.06137405 0.1494187 -0.2528562 0.1255659 -0.5197876 0.153774 -0.8309077
Right_Middle2 -0.04445714 0.1335795 -0.2867095 0.1877083 -0.5085368 0.232657 -0.8074818
Right_Middle3 -0.0345962 0.1186601 -0.3060333 0.1661235 -0.5351931 0.1398198 -0.8163468
Right_Ring1 -0.08034063 0.1452793 -0.2571223 0.3246541 -0.4908822 0.3634757 -0.7221634
Right_Ring2 -0.07088028 0.1138351 -0.27475 0.6030663 -0.161018 0.7189638 -0.3057376
Right_Ring3 -0.07305604 0.09773783 -0.2552276 0.6493495 0.03740562 0.7579346 -0.04981061
Right_Pinky0 -0.1138024 0.1471244 -0.2166568 0.230931 -0.5838028 -0.04699456 -0.7769407
Right_Pinky1 -0.1001038 0.1385464 -0.2571812 0.1706039 -0.6690546 0.04172316 -0.7221632
Right_Pinky2 -0.09713106 0.1300747 -0.2851345 0.242156 -0.6865174 0.06405397 -0.6826066
Right_Pinky3 -0.09617633 0.121923 -0.3027259 0.2280132 -0.6576992 0.0360982 -0.7170347
Right_ThumbTip 0.0117935 0.1297231 -0.2062581 -0.5043074 -0.00338605 0.06280304 -0.8612308
Right_IndexTip -0.0310579 0.08967067 -0.2555425 0.4037876 -0.209278 0.7974789 -0.3964664
Right_MiddleTip -0.02555453 0.1099194 -0.3263405 0.1661235 -0.5351931 0.1398198 -0.8163468
Right_RingTip -0.0766345 0.09555686 -0.2323068 0.6493495 0.03740562 0.7579346 -0.04981061
Right_PinkyTip -0.09346772 0.1156587 -0.32257 0.2280132 -0.6576992 0.0360982 -0.7170347
