Left_WristRoot 0.08502162 -0.3998734 0.4463763 0.6019105 0.05160655 -0.7965531 0.02331669
Left_ForearmStub 0.08502162 -0.3998734 0.4463763 0.6019105 0.05160655 -0.7965531 0.02331669
Left_Thumb0 0.101225 -0.4103796 0.4617442 0.1668429 -0.2710811 -0.9310043 -0.1786319
Left_Thumb1 0.1224661 -0.4162216 0.4715754 0.2384037 -0.4893054 -0.8175573 -0.1879998
Left_Thumb2 0.1482076 -0.4185601 0.4896843 0.3544727 -0.4012473 -0.8138186 -0.2259408
Left_Thumb3 0.1694176 -0.4212922 0.5145575 0.2882014 -0.4500757 -0.7962555 -0.2834596
Left_Index1 0.1331544 -0.4067363 0.529395 0.5966744 0.08818063 -0.7937006 -0.07901463
Left_Index2 0.1432961 -0.4152281 0.5637523 0.5624558 0.245333 -0.7503577 -0.2458019
Left_Index3 0.1491101 -0.4304411 0.5808201 0.5769121 0.2700026 -0.7230149 -0.2674334
Left_Middle1 0.1123378 -0.4044605 0.5350414 0.622995 0.088277 -0.7771449 -0.01141043
Left_Middle2 0.1216505 -0.4097828 0.5753058 0.5774937 0.2618923 -0.7436944 -0.2117361
Left_Middle3 0.1281579 -0.4262937 0.5953103 0.5815196 0.3057901 -0.7272405 -0.1986169
Left_Ring1 0.09305228 -0.4101909 0.5333752 0.6631327 0.1517922 -0.7327235 -0.01818466
Left_Ring2 0.09758891 -0.4188201 0.5699512 0.521324 0.4566716 -0.65197 -0.3075833
Left_Ring3 0.1044819 -0.4414474 0.5802392 0.40215 0.5713146 -0.5843331 -0.4128319
Left_Pinky0 0.07364908 -0.4122466 0.4837058 0.6886925 0.2291669 -0.6763654 0.1253597
Left_Pinky1 0.07453656 -0.4187193 0.5275339 0.7919078 0.08199875 -0.5967677 0.1001328
Left_Pinky2 0.06635729 -0.4190282 0.5562085 0.7924252 0.2086568 -0.5696113 0.06377778
Left_Pinky3 0.06115207 -0.4241156 0.5745319 0.7682822 0.1858077 -0.6063246 0.08711249
Left_ThumbTip 0.1860624 -0.4248694 0.5313308 0.2882014 -0.4500757 -0.7962555 -0.2834596
Left_IndexTip 0.1530569 -0.4449145 0.5965441 0.5769121 0.2700026 -0.7230149 -0.2674334
Left_MiddleTip 0.133726 -0.4411663 0.6136503 0.5815196 0.3057901 -0.7272405 -0.1986169
Left_RingTip 0.1122087 -0.4637643 0.5817648 0.40215 0.5713146 -0.5843331 -0.4128319
Left_PinkyTip 0.05674122 -0.4267762 0.5952138 0.7682822 0.1858077 -0.6063246 0.08711249
Right_WristRoot 0.1626053 -0.3256956 0.4275244 0.3467598 0.6032633 -0.2279376 -0.6810841
Right_ForearmStub 0.1626053 -0.3256956 0.4275244 0.3467598 0.6032633 -0.2279376 -0.6810841
Right_Thumb0 0.154689 -0.3168389 0.4491577 -0.06207316 0.6979223 -0.5667738 -0.4333809
Right_Thumb1 0.1398132 -0.307078 0.4654488 -0.4041627 0.5495116 -0.6110123 -0.4016885
Right_Thumb2 0.1287484 -0.3056045 0.4949686 -0.3363799 0.5620912 -0.5820329 -0.481809
Right_Thumb3 0.1185988 -0.2996113 0.5255802 -0.4022434 0.5453054 -0.6114168 -0.408671
Right_Index1 0.1551166 -0.2579234 0.495398 0.1389126 0.7156385 -0.1291357 -0.6722268
Right_Index2 0.1529949 -0.2442118 0.529499 0.01006463 0.7308536 0.02784704 -0.681892
Right_Index3 0.1513472 -0.2447607 0.5530262 0.0186037 0.7123531 0.04195713 -0.7003191
Right_Middle1 0.176317 -0.2593136 0.4910392 0.3549494 0.6012026 -0.2222208 -0.6805765
Right_Middle2 0.1837485 -0.2289258 0.5185645 0.2366184 0.6612535 -0.07379492 -0.7080325
Right_Middle3 0.186813 -0.217763 0.5426712 0.2858381 0.6546155 -0.06858841 -0.6964705
Right_Ring1 0.1930169 -0.2704454 0.4888621 0.4498185 0.5144897 -0.2345819 -0.6913285
Right_Ring2 0.2066646 -0.2406475 0.5078008 0.3466542 0.614846 -0.05409676 -0.7063066
Right_Ring3 0.2128056 -0.2276808 0.5292369 0.3102492 0.6567558 -0.01431553 -0.6871774
Right_Pinky0 0.1890573 -0.3119886 0.4556019 0.4976294 0.5419397 -0.03461879 -0.6763637
Right_Pinky1 0.2072324 -0.2860118 0.4865609 0.4902617 0.4026892 -0.1464922 -0.7589632
Right_Pinky2 0.2261013 -0.2676066 0.5005051 0.4351789 0.4847488 0.0661795 -0.7558166
Right_Pinky3 0.2363788 -0.2612607 0.5160878 0.4124193 0.54248 0.08204797 -0.7272511
Right_ThumbTip 0.1094607 -0.2975773 0.54757 -0.4022434 0.5453054 -0.6114168 -0.408671
Right_IndexTip 0.1513182 -0.2444948 0.5747571 0.01860371 0.7123531 0.04195713 -0.7003191
Right_MiddleTip 0.1906419 -0.2055582 0.5632852 0.2858381 0.6546155 -0.06858841 -0.6964705
Right_RingTip 0.2168727 -0.2164356 0.5496595 0.3102492 0.6567558 -0.01431553 -0.6871774
Right_PinkyTip 0.2453439 -0.2533506 0.5337325 0.4124193 0.54248 0.08204797 -0.7272511
