Left_WristRoot -0.03809391 -0.342181 0.4557141 0.667758 -0.008754753 -0.729723 0.1467207
Left_ForearmStub -0.03809391 -0.342181 0.4557141 0.667758 -0.008754753 -0.729723 0.1467207
Left_Thumb0 -0.02486332 -0.3465585 0.4754928 0.2953221 -0.3486311 -0.8802844 -0.1278304
Left_Thumb1 -0.006111782 -0.3470111 0.4898977 0.2302534 -0.4616755 -0.6607709 -0.5451798
Left_Thumb2 0.003155477 -0.3627247 0.5148873 0.372246 -0.4017144 -0.6035954 -0.5794231
Left_Thumb3 0.004808512 -0.3756008 0.5443087 0.3068859 -0.3988591 -0.5624547 -0.6560315
Left_Index1 -0.008834736 -0.3241082 0.5435388 0.6240632 0.03718082 -0.7798633 0.03124091
Left_Index2 -0.0009255409 -0.3240244 0.5787537 0.607272 0.1721956 -0.7695555 -0.09671496
Left_Index3 0.004711475 -0.3323041 0.5996 0.6288652 0.1813983 -0.7506712 -0.09009092
Left_Middle1 -0.03006975 -0.3236415 0.5445113 0.6977482 -0.06064553 -0.6805682 0.2151663
Left_Middle2 -0.03277804 -0.3082205 0.5822418 0.6995552 0.02847956 -0.6992924 0.1442272
Left_Middle3 -0.03331176 -0.3039769 0.6081072 0.6965852 0.005802492 -0.6835019 0.218084
Left_Ring1 -0.04757777 -0.3321102 0.5408452 0.742494 0.06629789 -0.6474351 0.1585404
Left_Ring2 -0.0532505 -0.3281455 0.5773034 0.7082986 0.2278638 -0.6651844 0.06261797
Left_Ring3 -0.05353413 -0.3342016 0.6018536 0.6740414 0.2699657 -0.6865883 0.03719588
Left_Pinky0 -0.05555217 -0.3474443 0.4914666 0.7186128 0.175423 -0.6171865 0.2681478
Left_Pinky1 -0.06322245 -0.3440174 0.5340884 0.7157485 0.3396674 -0.6088288 0.04071438
Left_Pinky2 -0.06403829 -0.3567827 0.5603756 0.5352318 0.6352608 -0.5335975 -0.1588849
Left_Pinky3 -0.05675978 -0.3732041 0.5675142 0.3868362 0.726694 -0.5227704 -0.2213244
Left_ThumbTip 0.00473332 -0.3867732 0.5649033 0.3068859 -0.3988591 -0.5624547 -0.6560315
Left_IndexTip 0.008449662 -0.3391872 0.6194136 0.6288652 0.1813983 -0.7506712 -0.09009092
Left_MiddleTip -0.03548017 -0.2961988 0.630478 0.6965852 0.005802492 -0.6835019 0.218084
Left_RingTip -0.05234116 -0.3402443 0.6242222 0.6740414 0.2699657 -0.6865883 0.03719588
Left_PinkyTip -0.04439798 -0.3898008 0.570402 0.3868362 0.726694 -0.5227704 -0.2213244
Right_WristRoot 0.1097117 -0.4143313 0.6106044 0.2108728 0.7707554 -0.1374858 -0.5852917
Right_ForearmStub 0.1097117 -0.4143313 0.6106044 0.2108728 0.7707554 -0.1374858 -0.5852917
Right_Thumb0 0.09400053 -0.4143024 0.6290046 -0.09835902 0.8302526 -0.4966875 -0.2330398
Right_Thumb1 0.07337712 -0.4126902 0.6404675 -0.4547552 0.5550616 -0.6338681 -0.2886447
Right_Thumb2 0.06038968 -0.416988 0.6682188 -0.4659471 0.5180039 -0.5637311 -0.4435908
Right_Thumb3 0.05485073 -0.4164282 0.6998913 -0.5617368 0.4646482 -0.5486475 -0.4093164
Right_Index1 0.06640995 -0.3752319 0.6847131 -0.09944829 0.8303479 -0.003250822 -0.54829
Right_Index2 0.05273184 -0.3810641 0.7176 -0.2262382 0.7992232 0.112673 -0.5453104
Right_Index3 0.04572629 -0.3922698 0.7365803 -0.200717 0.7878498 0.1064076 -0.572436
Right_Middle1 0.08717327 -0.372152 0.6881025 0.1827222 0.7785062 -0.1045645 -0.5912758
Right_Middle2 0.07761388 -0.3554789 0.7241491 0.05120301 0.7983038 0.01037219 -0.5999848
Right_Middle3 0.07040972 -0.3536619 0.7492909 0.1122789 0.7923936 0.01312402 -0.5994445
Right_Ring1 0.1055817 -0.3793176 0.6893167 0.2799886 0.6994628 -0.1017301 -0.6496224
Right_Ring2 0.1056116 -0.3598777 0.7209268 0.1605869 0.746658 0.05382328 -0.643286
Right_Ring3 0.1025571 -0.3555646 0.7456561 0.1337906 0.7711956 0.08197361 -0.6169589
Right_Pinky0 0.1219298 -0.4071647 0.6481555 0.3304913 0.6963079 0.06679437 -0.6336161
Right_Pinky1 0.1228567 -0.3908474 0.6884058 0.2870719 0.5739464 0.01116551 -0.7668445
Right_Pinky2 0.1328232 -0.3817146 0.7143267 0.2350627 0.5816008 0.1676796 -0.7605062
Right_Pinky3 0.1379887 -0.3813593 0.732949 0.2431378 0.6181419 0.1546278 -0.7313514
Right_ThumbTip 0.05295957 -0.4177428 0.723208 -0.5617368 0.4646482 -0.5486475 -0.4093164
Right_IndexTip 0.04018281 -0.4007007 0.755345 -0.200717 0.7878498 0.1064076 -0.572436
Right_MiddleTip 0.06481285 -0.3487995 0.7718893 0.1122789 0.7923936 0.01312402 -0.5994445
Right_RingTip 0.0985583 -0.3517457 0.7681885 0.1337906 0.7711956 0.08197361 -0.6169589
Right_PinkyTip 0.1423255 -0.3787136 0.7532171 0.2431378 0.6181419 0.1546278 -0.7313514
