Left_WristRoot 0 0 0 -0.7071068 -3.090862E-08 0.7071068 -3.090862E-08
Left_ForearmStub 0 0 0 -0.7071068 -3.090862E-08 0.7071068 -3.090862E-08
Left_Thumb0 0.010497 -0.011554 0.020069 -0.2823337 0.2709394 0.8827864 0.2599382
Left_Thumb1 0.0280285 -0.01915771 0.03595842 -0.5000001 0.5000001 0.5000001 0.5000001
Left_Thumb2 0.02802849 -0.01915771 0.06847131 -0.5000001 0.5000001 0.5000001 0.5000001
Left_Thumb3 0.02802847 -0.0191577 0.1022644 -0.5000001 0.5000001 0.5000001 0.5000001
Left_Index1 0.02355066 -0.007316453 0.09599622 -0.7071068 -3.090862E-08 0.7071068 -3.090862E-08
Left_Index2 0.02355065 -0.007316454 0.1339235 -0.7071068 -3.090862E-08 0.7071068 -3.090862E-08
Left_Index3 0.02355065 -0.007316453 0.1582271 -0.7071068 -3.090862E-08 0.7071068 -3.090862E-08
Left_Middle1 0.001725891 -0.002543154 0.0956466 -0.7071068 -3.090862E-08 0.7071068 -3.090862E-08
Left_Middle2 0.00172589 -0.002543156 0.1385736 -0.7071068 -3.090862E-08 0.7071068 -3.090862E-08
Left_Middle3 0.00172589 -0.002543156 0.1661231 -0.7071068 -3.090862E-08 0.7071068 -3.090862E-08
Left_Ring1 -0.01746524 -0.00652931 0.08869378 -0.7071068 -3.090862E-08 0.7071068 -3.090862E-08
Left_Ring2 -0.01746526 -0.006529309 0.1276899 -0.7071068 -3.090862E-08 0.7071068 -3.090862E-08
Left_Ring3 -0.01746526 -0.00652931 0.1542632 -0.7071068 -3.090862E-08 0.7071068 -3.090862E-08
Left_Pinky0 -0.02299857 -0.009419836 0.03407355 -0.7071068 -3.090862E-08 0.7071068 -3.090862E-08
Left_Pinky1 -0.02299638 -0.009420837 0.07972407 -0.7071068 -3.090862E-08 0.7071068 -3.090862E-08
Left_Pinky2 -0.02299638 -0.009420836 0.1104445 -0.7071068 -3.090862E-08 0.7071068 -3.090862E-08
Left_Pinky3 -0.02299638 -0.009420838 0.1307558 -0.7071068 -3.090862E-08 0.7071068 -3.090862E-08
Left_ThumbTip 0.02905545 -0.01848733 0.1268551 -0.5000001 0.5000001 0.5000001 0.5000001
Left_IndexTip 0.02325503 -0.00629138 0.1805905 -0.7071068 -3.090862E-08 0.7071068 -3.090862E-08
Left_MiddleTip 0.001417222 -0.001405853 0.191088 -0.7071068 -3.090862E-08 0.7071068 -3.090862E-08
Left_RingTip -0.01772316 -0.00492114 0.1785893 -0.7071068 -3.090862E-08 0.7071068 -3.090862E-08
Left_PinkyTip -0.0227499 -0.008204749 0.1526781 -0.7071068 -3.090862E-08 0.7071068 -3.090862E-08
Right_WristRoot 0.1101017 -0.3911288 0.248569 -0.25595 -0.7306865 0.1456251 0.6159385
Right_ForearmStub 0.1101017 -0.3911288 0.248569 -0.25595 -0.7306865 0.1456251 0.6159385
Right_Thumb0 0.09705672 -0.3887914 0.2668448 0.07649346 -0.8068473 0.5077293 0.2921593
Right_Thumb1 0.07901575 -0.3849686 0.2789627 0.3811528 -0.5792575 0.6361339 0.3384035
Right_Thumb2 0.0651471 -0.385287 0.3042794 0.4850325 -0.4693426 0.4690006 0.5696485
Right_Thumb3 0.06873307 -0.3829155 0.3339748 0.6857259 -0.186478 0.1898376 0.6774716
Right_Index1 0.07906185 -0.3471835 0.31821 -0.2769299 -0.6809242 0.1857084 0.6520463
Right_Index2 0.07918677 -0.3263275 0.3446499 0.1817248 -0.7193522 -0.263314 0.6165826
Right_Index3 0.07544053 -0.3389764 0.3617273 0.4019374 -0.6034102 -0.4596609 0.5128881
Right_Middle1 0.09880828 -0.3458381 0.3195684 -0.3106816 -0.6536652 0.1573425 0.6718944
Right_Middle2 0.1024647 -0.3222983 0.3493218 -0.08956093 -0.7208355 -0.07842904 0.6828061
Right_Middle3 0.1012047 -0.3217599 0.3737447 -0.09550732 -0.7198166 -0.1369804 0.6737797
Right_Ring1 0.1154079 -0.3539265 0.3197289 -0.313031 -0.6502663 0.09092207 0.6862206
Right_Ring2 0.1201783 -0.3355099 0.3486589 -0.2139418 -0.701728 -0.05972414 0.6769342
Right_Ring3 0.1203676 -0.3303333 0.3716778 -0.2013708 -0.7262673 -0.07498753 0.6529648
Right_Pinky0 0.1250423 -0.3833914 0.2820231 -0.382349 -0.6557289 -0.05750683 0.6484765
Right_Pinky1 0.1304483 -0.3660893 0.3182771 -0.3671329 -0.6098048 0.05171497 0.7004835
Right_Pinky2 0.1372928 -0.3518997 0.3405443 -0.3445695 -0.6145768 -0.05436791 0.7075391
Right_Pinky3 0.1415973 -0.345649 0.3569041 -0.3610317 -0.6402049 -0.01995322 0.6777877
Right_ThumbTip 0.08700269 -0.3822995 0.3459648 0.6857259 -0.186478 0.1898376 0.6774716
Right_IndexTip 0.07269359 -0.3577765 0.3675742 0.4019374 -0.6034102 -0.4596609 0.5128881
Right_MiddleTip 0.1001527 -0.3219396 0.3959101 -0.09550732 -0.7198166 -0.1369804 0.6737797
Right_RingTip 0.119706 -0.3249198 0.3926272 -0.2013708 -0.7262673 -0.07498753 0.6529648
Right_PinkyTip 0.1454324 -0.3362674 0.3735586 -0.3610317 -0.6402049 -0.01995322 0.6777877
