U_CharacterBack (1) -1.996209 0.03729598 2.207107 0 0 0 1
U -1.996209 0.03729598 2.207107 0 0 0 1
joint_Char -1.996209 0.03729598 2.207107 0 0 0 1
joint_Pelvis -1.900029 1.096292 2.125845 0.08128382 -0.7665784 -0.06538025 0.6336213
joint_HipMaster -1.899633 1.086486 2.123925 0.9906819 0.01069394 0.09407929 -0.09789866
joint_HipLT -1.961504 1.015097 2.084709 0.764456 0.07880273 -0.6193079 -0.1607951
joint_KneeLT -1.996013 0.6046235 1.934072 0.7522604 0.16208 -0.5964433 -0.2282321
joint_FootLT -2.007501 0.263556 1.716993 0.7661488 0.15818 -0.5967662 -0.1785096
joint_ToeLT -2.036496 0.1269172 1.788781 0.7180488 -0.2984316 -0.5959454 0.2004844
joint_HipRT -1.827252 1.015476 2.110477 0.1512429 -0.756112 -0.1180596 0.6256855
joint_KneeRT -1.791736 0.609166 1.949162 0.2096217 -0.7563961 -0.1759403 0.594112
joint_FootRT -1.748031 0.2652965 1.740772 0.1544813 -0.7763943 -0.17359 0.5858451
joint_ToeRT -1.77913 0.1296597 1.813573 -0.3207341 -0.7287636 0.1817634 0.577058
joint_TorsoA -1.900425 1.106098 2.127764 0.1261636 -0.7613126 -0.1084926 0.62667
joint_TorsoB -1.906449 1.207495 2.16247 0.07624713 -0.7679198 -0.06739432 0.6324111
joint_TorsoC -1.910028 1.317479 2.184926 0.07624713 -0.7679198 -0.06739432 0.6324111
joint_ClavicleLT -1.944662 1.433414 2.175932 -0.4998864 0.3685029 0.5409113 0.5672163
joint_ShoulderLT -2.036514 1.425469 2.160179 -0.6451949 -0.01334673 0.7466114 0.1616079
joint_ElbowLT -2.087382 1.210411 2.108318 -0.809637 0.07579068 0.5737544 0.09772412
joint_HandLT -2.142138 0.9844022 2.091702 -0.833934 0.3747624 0.3851104 -0.1256894
joint_CapitateLT -2.186231 0.95169 2.139884 -0.804786 0.2097378 -0.2761024 -0.481765
joint_FingersALT -2.201114 0.912615 2.16398 -0.7109388 -0.4933623 0.07267021 -0.4958624
joint_FingersBLT -2.176447 0.9119316 2.184175 -0.1925775 -0.8443335 0.3820423 -0.3225825
joint_FingersCLT -2.162505 0.9273914 2.171472 0.3155046 -0.8103887 0.490788 -0.05342904
joint_IndexALT -2.209388 0.9326019 2.175844 -0.7138445 -0.488406 0.06802994 -0.4972508
joint_IndexBLT -2.185916 0.9317304 2.195588 -0.2459822 -0.8203896 0.397736 -0.3290299
joint_IndexCLT -2.171862 0.9436148 2.185221 0.2930033 -0.7897781 0.5377949 -0.03431082
joint_PisiformLT -2.168625 0.9319237 2.118775 -0.8638052 0.2874151 0.3990949 -0.109347
joint_PinkyALT -2.18024 0.8868675 2.138159 -0.7251119 -0.5376689 -0.03890066 -0.4284999
joint_PinkyBLT -2.158714 0.8852928 2.157286 -0.2703585 -0.8567905 0.2523324 -0.359368
joint_PinkyCLT -2.147161 0.898312 2.15302 0.3077751 -0.8255931 0.4542137 -0.1317623
joint_RingALT -2.191122 0.8976125 2.151149 -0.7191328 -0.5592309 0.008914411 -0.412347
joint_RingBLT -2.164321 0.8964745 2.170403 -0.2491616 -0.8704583 0.281421 -0.317842
joint_RingCLT -2.152842 0.9099166 2.164191 0.3361943 -0.8214304 0.4544789 -0.07533222
joint_ThumbALT -2.165189 0.9794869 2.12049 -0.6232769 0.3934768 0.002071744 -0.6757945
joint_ThumbBLT -2.180313 0.9864038 2.146665 -0.7986012 0.2548531 0.01285579 -0.5450884
joint_ThumbCLT -2.193502 0.9771472 2.176099 -0.901262 0.03063172 0.05234313 -0.4290101
joint_ClavicleRT -1.872943 1.432897 2.18989 0.5577037 -0.5382109 0.5431401 0.3229469
joint_ShoulderRT -1.783983 1.452733 2.210881 0.2898762 -0.4746371 0.8301954 0.0383047
joint_ElbowRT -1.707082 1.576787 2.384732 0.03629129 -0.5596526 0.6903229 -0.4570847
joint_HandRT -1.84474 1.566465 2.57261 0.008238533 -0.6272682 0.5257674 -0.5744874
joint_CapitateRT -1.891651 1.520494 2.604576 -0.3511024 -0.9024291 0.2491135 -0.01708427
joint_FingersART -1.910375 1.499552 2.643817 0.02748289 0.9442852 -0.2871624 -0.1584574
joint_FingersBRT -1.909128 1.472972 2.661388 0.1029717 -0.9387468 0.2631274 0.1972708
joint_FingersCRT -1.901881 1.452479 2.672445 -0.1002364 0.938686 -0.2641094 -0.1976569
joint_IndexART -1.916404 1.485898 2.624173 0.025841 0.9451662 -0.2873959 -0.1529617
joint_IndexBRT -1.915206 1.460324 2.641086 -0.03229887 -0.950153 0.2806072 0.1320088
joint_IndexCRT -1.914937 1.44257 2.65253 -0.01420051 0.9552969 -0.2674251 -0.1252629
joint_PisiformRT -1.876391 1.543498 2.624178 0.07584548 -0.6376914 0.5628635 -0.5203676
joint_PinkyART -1.892532 1.527814 2.669279 0.04847992 0.9301444 -0.2854381 -0.2258472
joint_PinkyBRT -1.891415 1.503809 2.685224 -0.05455512 -0.9362871 0.2784714 0.2069896
joint_PinkyCRT -1.89118 1.488775 2.694974 -0.01397543 0.9409871 -0.2639653 -0.2113551
joint_RingART -1.90212 1.513776 2.658618 0.03822465 0.894327 -0.397168 -0.2024254
joint_RingBRT -1.899068 1.49127 2.682586 -0.04838067 -0.9013352 0.3898921 0.1823165
joint_RingCRT -1.898038 1.478318 2.696085 0.01772961 0.9038426 -0.3847969 -0.1862423
joint_ThumbART -1.867953 1.537812 2.577558 0.2564861 0.9050769 0.01395724 0.3389051
joint_ThumbBRT -1.882057 1.510893 2.571383 -0.2169507 -0.9315159 0.03433657 -0.2898828
joint_ThumbCRT -1.896288 1.480575 2.569309 0.0903681 0.9635701 -0.06085645 0.2442608
joint_Neck -1.909559 1.48601 2.188756 0.2284688 -0.7341406 -0.2174023 0.601312
joint_Head -1.917771 1.574901 2.254667 0.100496 -0.762316 -0.1120697 0.6294566
joint_CheekLT -1.97383 1.567144 2.33301 0.06442273 -0.7662011 -0.0822968 0.634045
joint_CheekRT -1.894434 1.563554 2.347756 0.06633172 -0.7660382 -0.08387637 0.6338382
joint_DimpleLT -1.972314 1.537825 2.315209 0.06442271 -0.7662011 -0.08229681 0.634045
joint_DimpleRT -1.892022 1.534194 2.330122 0.06442271 -0.7662011 -0.08229681 0.6340449
joint_EyebrowInnerLT -1.952816 1.592911 2.361189 0.06442273 -0.7662011 -0.08229676 0.634045
joint_EyebrowInnerRT -1.921817 1.59151 2.366946 0.06442267 -0.7662011 -0.08229681 0.634045
joint_EyebrowOuterLT -1.971277 1.605341 2.357138 0.06442273 -0.7662011 -0.0822968 0.634045
joint_EyebrowOuterRT -1.902121 1.602213 2.369983 0.06442273 -0.7662011 -0.0822968 0.634045
joint_EyelidsDownLT -1.962363 1.59643 2.332732 0.06442273 -0.7662011 -0.0822968 0.634045
joint_EyelidsDownRT -1.902437 1.59372 2.343862 0.06442273 -0.7662011 -0.0822968 0.634045
joint_EyelidUpLT -1.962407 1.597321 2.333183 0.06442273 -0.7662011 -0.0822968 0.634045
joint_EyelidUpRT -1.902481 1.594611 2.344313 0.06442273 -0.7662011 -0.0822968 0.634045
joint_EyeLT -1.961015 1.600118 2.327128 -0.005692169 -0.7688561 -0.02416527 0.6389398
joint_EyeRT -1.90136 1.597421 2.338208 -0.005683213 -0.7689109 -0.02415154 0.6388746
joint_Jaw -1.922927 1.569742 2.281138 0.9886958 -0.03301655 0.08839758 0.1165195
joint_LipCornerLT -1.961153 1.527605 2.32116 0.0644227 -0.7662011 -0.08229683 0.634045
joint_LipCornerRT -1.90542 1.525085 2.331511 0.06442273 -0.7662011 -0.0822968 0.6340449
joint_LowerLip -1.935584 1.518445 2.336659 0.06264174 -0.7659847 -0.08367881 0.634304
joint_LowerLipLT -1.946416 1.520744 2.330774 0.06442276 -0.7662011 -0.08229677 0.6340449
joint_LowerLipRT -1.923163 1.519692 2.335093 0.06442267 -0.7662011 -0.08229686 0.6340451
joint_NoseMain -1.936702 1.548995 2.350152 0.06442267 -0.7662011 -0.08229679 0.634045
joint_NoseSideLT -1.946751 1.542751 2.344293 0.06442272 -0.7662011 -0.08229681 0.6340449
joint_NoseSideRT -1.925776 1.541802 2.348189 0.06442273 -0.7662011 -0.08229679 0.634045
joint_UpperLip -1.935924 1.522023 2.339366 0.06442271 -0.7662011 -0.08229682 0.6340449
joint_UpperLipLT -1.949207 1.525625 2.332715 0.06442271 -0.7662011 -0.08229682 0.6340449
joint_UpperLipRT -1.920838 1.524342 2.337984 0.06442272 -0.7662011 -0.08229681 0.634045
U_Char -1.996209 0.03729598 2.207107 0 0 0 1
U_Char_Eye_L -1.996209 0.03729598 2.207107 0 0 0 1
U_Char_Eye_R -1.996209 0.03729598 2.207107 0 0 0 1
