Left_WristRoot -0.1043912 -0.3487145 0.3021505 0.3224694 -0.04031827 -0.9437179 0.06151828
Left_ForearmStub -0.1043912 -0.3487145 0.3021505 0.3224694 -0.04031827 -0.9437179 0.06151828
Left_Thumb0 -0.08231795 -0.3572293 0.307067 -0.1122371 -0.4161045 -0.8987973 -0.08014549
Left_Thumb1 -0.05959681 -0.3628384 0.3038775 -0.1175701 -0.6180173 -0.7706229 -0.1018445
Left_Thumb2 -0.03019202 -0.3721791 0.3021681 -0.03747439 -0.5604903 -0.8221175 -0.09257042
Left_Thumb3 0.00128407 -0.3784167 0.3035219 0.03421593 -0.612929 -0.7393116 -0.2767053
Left_Index1 -0.01846136 -0.3434423 0.3403771 0.2087021 -0.05706347 -0.9762527 -0.01086549
Left_Index2 0.0144359 -0.3433485 0.3551102 0.2027616 0.07983419 -0.8414022 -0.4945269
Left_Index3 0.02433713 -0.3633182 0.3611676 0.2006721 0.1342996 -0.6764862 -0.6957449
Left_Middle1 -0.03185819 -0.3382466 0.3560122 0.3209862 -0.04866533 -0.93888 0.1144723
Left_Middle2 -0.0005367994 -0.3282025 0.3801477 0.2878962 0.1536664 -0.8397809 -0.4339015
Left_Middle3 0.01144689 -0.3496004 0.3893166 0.2455866 0.3007787 -0.6544751 -0.6487541
Left_Ring1 -0.047892 -0.3422688 0.3668483 0.4167255 -0.02642967 -0.8932918 0.1663469
Left_Ring2 -0.02575372 -0.330438 0.3941154 0.3318415 0.2552046 -0.8308436 -0.3666757
Left_Ring3 -0.01285185 -0.3501036 0.4033149 0.1947637 0.3903107 -0.6342787 -0.6382911
Left_Pinky0 -0.09159308 -0.352172 0.3399769 0.4326097 0.1708924 -0.8777758 0.1146922
Left_Pinky1 -0.06558616 -0.3498513 0.3746266 0.5636027 0.02801909 -0.8116852 0.1507792
Left_Pinky2 -0.05626561 -0.343627 0.4015862 0.4712842 0.3756693 -0.7613736 -0.2389025
Left_Pinky3 -0.04774042 -0.3574849 0.4119745 0.2897236 0.5162094 -0.6662416 -0.4535532
Left_ThumbTip 0.02164556 -0.3863158 0.3119226 0.03421593 -0.612929 -0.7393116 -0.2767053
Left_IndexTip 0.02403867 -0.3844474 0.3636635 0.2006721 0.1342996 -0.6764862 -0.6957449
Left_MiddleTip 0.01288866 -0.3733004 0.3886591 0.2455866 0.3007787 -0.6544751 -0.6487541
Left_RingTip -0.009502321 -0.3725816 0.398796 0.1947637 0.3903107 -0.6342787 -0.6382911
Left_PinkyTip -0.03842229 -0.3761446 0.4112904 0.2897236 0.5162094 -0.6662416 -0.4535532
Right_WristRoot -0.1063807 -0.319418 0.2890476 0.2423372 0.9663842 0.05791872 -0.06340081
Right_ForearmStub -0.1063807 -0.319418 0.2890476 0.2423372 0.9663842 0.05791872 -0.06340081
Right_Thumb0 -0.1292268 -0.3188185 0.2811993 0.207962 0.8429453 -0.4184368 0.2666569
Right_Thumb1 -0.1474448 -0.3158084 0.2664708 0.2144918 0.7264941 -0.6188843 0.2078027
Right_Thumb2 -0.1728329 -0.3141261 0.2489373 0.1008274 0.8113915 -0.5709477 0.07414068
Right_Thumb3 -0.2039436 -0.3115902 0.2413755 -0.1903023 0.7534797 -0.6202716 -0.1063805
Right_Index1 -0.1915879 -0.2802524 0.2801715 -0.005657724 0.9998758 0.002492204 0.01450517
Right_Index2 -0.2276163 -0.2806576 0.2791249 -0.5608497 0.8274291 0.01840694 0.02167973
Right_Index3 -0.2361615 -0.3020771 0.2778193 -0.7829719 0.6218973 0.01410846 6.606057E-05
Right_Middle1 -0.1871797 -0.2793917 0.3009261 0.1602393 0.9802425 0.07941677 -0.08450508
Right_Middle2 -0.2252995 -0.2671229 0.3087234 -0.556428 0.8210756 0.127368 -0.0002211891
Right_Middle3 -0.2352693 -0.2910487 0.3050216 -0.8493795 0.4912003 0.1915868 0.02390292
Right_Ring1 -0.1814803 -0.2883584 0.3175933 0.2321862 0.9480476 0.1340593 -0.171241
Right_Ring2 -0.2123724 -0.2737438 0.331934 -0.4858939 0.8375518 0.249826 0.001034848
Right_Ring3 -0.2257023 -0.2942865 0.3257588 -0.8236345 0.4895966 0.2537944 0.1323252
Right_Pinky0 -0.1368942 -0.3154476 0.3147331 0.2218941 0.9190487 0.2913153 -0.1457666
Right_Pinky1 -0.1741648 -0.3014362 0.3319646 0.1998622 0.9127965 0.2197851 -0.2802716
Right_Pinky2 -0.1964419 -0.2943803 0.3494684 -0.422656 0.7965064 0.4286996 -0.05618062
Right_Pinky3 -0.208727 -0.3083073 0.3442006 -0.7194334 0.520072 0.4235763 0.1803442
Right_ThumbTip -0.2255497 -0.3144326 0.2498991 -0.1903023 0.7534797 -0.6202716 -0.1063805
Right_IndexTip -0.2322988 -0.323001 0.2776458 -0.7829719 0.6218973 0.01410846 6.606057E-05
Right_MiddleTip -0.2255572 -0.3112547 0.2971735 -0.8493795 0.4912003 0.1915868 0.02390292
Right_RingTip -0.2179095 -0.3122358 0.3133494 -0.8236345 0.4895966 0.2537944 0.1323252
Right_PinkyTip -0.2077793 -0.3210066 0.3276684 -0.7194334 0.520072 0.4235763 0.1803442
