spider_black 1.2 -2 3 0 0 0 1
Spider 0 0 0 -0.7071068 0 0 0.7071067
Bone 0 0.00378405 0.01089395 0.9798149 0.1390904 0.1243164 0.07184819
Ass -4.962317E-06 -0.0008279767 0.0001020675 0.982671 -0.008891948 0.159894 -0.09334056
Ass_end 0 0.008724693 0 0 0 0 1
Bone.002 -4.401275E-11 0.004778468 -4.886571E-12 -0.04428649 -0.02833821 -0.001277 0.9986161
L.Bone.014 -0.001466502 0.00520553 1.388417E-05 0.1113808 0.08224695 -0.07634666 0.9874213
L.Bone.014_end 0 0.001960643 0 0 0 0 1
R.Bone.014 0.001466488 0.00520553 1.522543E-05 0.1113458 -0.08269838 0.07639753 0.9873837
R.Bone.014_end 0 0.001960643 0 0 0 0 1
L.Leg -0.003485408 0.007428778 0.001677738 -0.4134815 0.520072 0.02542384 0.746935
L.Bone.012 -1.490116E-09 0.009420818 2.980232E-10 -0.02380571 0.4706935 0.2148279 0.8554122
L.Bone.013 -5.960464E-10 0.006058358 -1.341104E-09 -0.237381 0.2706283 -0.119668 0.9252514
L.Bone.013_end 0 0.009372279 0 -9.242821E-17 -3.72529E-09 1.240551E-08 1
L.Leg.001 -0.003772971 0.005723183 0.00218765 -0.5781094 0.4739517 0.04534718 0.6626485
L.Bone.009 1.490116E-09 0.009040783 -5.960464E-10 -0.2234902 0.3260937 0.2236683 0.8908914
L.Bone.010 -2.980232E-10 0.005186381 2.980232E-10 -0.1738498 0.07535642 0.1870599 0.9639016
L.Bone.010_end 0 0.009689481 0 -1.862645E-09 -1.170938E-17 -3.143213E-09 1
L.Leg.002 -0.003758687 0.003735069 0.002551192 -0.75401 0.3665148 0.1478271 0.5246742
L.Bone.006 -5.587935E-10 0.008784518 0 -0.1065351 0.1959364 0.3002759 0.9274123
L.Bone.007 -1.806766E-09 0.005476792 -3.911555E-10 -0.2184395 0.1091459 0.1861845 0.9516862
L.Bone.007_end 0 0.009494682 0 0 0 -1.513399E-09 1
L.Leg.003 -0.003920042 0.002016956 0.002664016 -0.8113736 0.2835767 0.3526123 0.3700294
L.Bone.003 7.45058E-11 0.009176553 -2.980232E-10 -0.09981299 0.04608106 0.3381132 0.9346622
L.Bone.004 1.788139E-09 0.005492451 5.960464E-10 -0.1920007 0.03525395 0.2246391 0.9546885
L.Bone.004_end 0 0.00977672 0 -3.366446E-17 3.72529E-09 -6.024492E-09 1
R.Leg 0.003271124 0.007428778 0.002064614 -0.468865 -0.5965803 -0.06511235 0.648088
R.Bone.012 2.980232E-10 0.009420812 3.352761E-10 -0.02342923 -0.4105673 -0.2130195 0.8862891
R.Bone.013 0 0.00605836 3.72529E-10 -0.3212399 -0.3089642 0.1245318 0.886475
R.Bone.013_end 0 0.009372279 0 0 0 9.160427E-09 1
R.Leg.001 0.003498604 0.005723183 0.002604019 -0.5804658 -0.5329393 -0.1188567 0.6040765
R.Bone.009 0 0.009040779 1.490116E-10 0.1456234 0.3213616 -0.006922123 -0.9356669
R.Bone.010 2.980232E-10 0.005186384 -5.960464E-10 -0.137543 -0.08137305 -0.05783344 0.9854521
R.Bone.010_end 0 0.009689481 0 0 0 -2.20607E-08 1
R.Leg.002 0.003442916 0.003735069 0.002963554 -0.7595579 -0.3456012 -0.1880468 0.517948
R.Bone.006 1.192093E-09 0.008784513 0 -0.08746436 -0.2034747 -0.1788369 0.9586269
R.Bone.007 2.905726E-09 0.005476792 1.192093E-09 -0.1522041 -0.07548968 -0.0257054 0.9851267
R.Bone.007_end 0 0.009494682 0 0 0 -2.293381E-08 1
R.Leg.003 0.003590339 0.002016956 0.003094057 0.8561538 0.2092906 0.2244166 -0.4157346
R.Bone.003 -5.215406E-10 0.009176552 4.470348E-10 0.1304972 0.02301802 0.3165323 -0.9392806
R.Bone.004 5.960464E-10 0.005492452 -5.960464E-10 -0.225046 -0.02211592 -0.2919611 0.9293137
R.Bone.004_end 0 0.00977672 0 0 0 -3.521563E-09 1
Spider.005 0 0 0 -0.7071068 0 0 0.7071067
#
spider_black 1.2 -2 3 0 0 0 1
Spider 0 0 0 -0.7071068 0 0 0.7071067
Bone 0 0.00378405 0.01089395 -0.9773967 -0.1123894 0.02974286 -0.176578
Ass -4.962317E-06 -0.0008279767 0.0001020675 0.982671 -0.008891948 0.159894 -0.09334056
Ass_end 0 0.008724693 0 0 0 0 1
Bone.002 -4.401275E-11 0.004778468 -4.886571E-12 -0.04428649 -0.02833821 -0.001277 0.9986161
L.Bone.014 -0.001466502 0.00520553 1.388417E-05 0.1113808 0.08224695 -0.07634666 0.9874213
L.Bone.014_end 0 0.001960643 0 0 0 0 1
R.Bone.014 0.001466488 0.00520553 1.522543E-05 0.1113458 -0.08269838 0.07639753 0.9873837
R.Bone.014_end 0 0.001960643 0 0 0 0 1
L.Leg -0.003485408 0.007428778 0.001677738 0.4938854 -0.4571704 -0.1016526 -0.7326249
L.Bone.012 -1.490116E-09 0.009420818 2.980232E-10 0.1816095 -0.4208592 -0.4336499 -0.7757856
L.Bone.013 -5.960464E-10 0.006058358 -1.341104E-09 -0.2860079 0.2090472 0.1149279 0.9280573
L.Bone.013_end 0 0.009372279 0 -9.242821E-17 -3.72529E-09 1.240551E-08 1
L.Leg.001 -0.003772971 0.005723183 0.00218765 0.605358 -0.4856862 -0.08674767 -0.6246003
L.Bone.009 1.490116E-09 0.009040783 -5.960464E-10 0.2946971 -0.2534069 -0.4139363 -0.8231618
L.Bone.010 -2.980232E-10 0.005186381 2.980232E-10 0.1887299 -0.0371771 -0.3756017 -0.9065993
L.Bone.010_end 0 0.009689481 0 -1.862645E-09 -1.170938E-17 -3.143213E-09 1
L.Leg.002 -0.003758687 0.003735069 0.002551192 0.7423949 -0.4134622 -0.209293 -0.4838339
L.Bone.006 -5.587935E-10 0.008784518 0 0.162677 -0.149693 -0.5600497 -0.7984188
L.Bone.007 -1.806766E-09 0.005476792 -3.911555E-10 0.2623012 -0.02942535 -0.4158573 -0.8702845
L.Bone.007_end 0 0.009494682 0 0 0 -1.513399E-09 1
L.Leg.003 -0.003920042 0.002016956 0.002664016 0.7788548 -0.3475568 -0.369982 -0.3683787
L.Bone.003 7.45058E-11 0.009176553 -2.980232E-10 0.1233456 0.01851062 -0.7281963 -0.673924
L.Bone.004 1.788139E-09 0.005492451 5.960464E-10 0.2039976 0.04291083 -0.5516324 -0.8076171
L.Bone.004_end 0 0.00977672 0 -2.244298E-17 1.862645E-09 -6.024492E-09 1
R.Leg 0.003271124 0.007428778 0.002064614 0.5063091 0.5333105 0.07418416 -0.6735932
R.Bone.012 2.980232E-10 0.009420812 3.352761E-10 -0.1648186 -0.4144367 -0.4372017 0.7809813
R.Bone.013 0 0.00605836 3.72529E-10 -0.370689 -0.2325009 -0.07548255 0.8960108
R.Bone.013_end 0 0.009372279 0 0 0 9.160427E-09 1
R.Leg.001 0.003498604 0.005723183 0.002604019 -0.5768756 -0.5005472 -0.08732262 0.6395638
R.Bone.009 0 0.009040779 1.490116E-10 -0.2449946 -0.2805707 -0.279339 0.8850015
R.Bone.010 2.980232E-10 0.005186384 -5.960464E-10 -0.1558124 -0.05125558 -0.2738684 0.947677
R.Bone.010_end 0 0.009689481 0 0 0 -2.20607E-08 1
R.Leg.002 0.003442916 0.003735069 0.002963554 0.7490715 0.3410324 0.1375392 -0.5510644
R.Bone.006 1.192093E-09 0.008784513 0 -0.1522699 -0.1705987 -0.4874488 0.8426765
R.Bone.007 2.905726E-09 0.005476792 1.192093E-09 -0.1878477 -0.05850754 -0.2568701 0.9462071
R.Bone.007_end 0 0.009494682 0 -1.708702E-16 7.450579E-09 -2.293381E-08 1
R.Leg.003 0.003590339 0.002016956 0.003094057 -0.8406933 -0.2335434 -0.1187445 0.4739115
R.Bone.003 -5.215406E-10 0.009176552 4.470348E-10 0.1262337 -0.01153621 0.6813575 -0.7208911
R.Bone.004 5.960464E-10 0.005492452 -5.960464E-10 0.227579 -0.03068668 0.5423604 -0.808153
R.Bone.004_end 0 0.00977672 0 1.311884E-17 -3.725289E-09 -3.521563E-09 1
Spider.005 0 0 0 -0.7071068 0 0 0.7071067
#
spider_black 1.2 -2 3 0 0 0 1
Spider 0 0 0 -0.7071068 0 0 0.7071067
Bone 0 0.00378405 0.01089395 -0.9965941 -0.0376454 0.0343257 -0.06484388
Ass -4.962317E-06 -0.0008279767 0.0001020675 0.982671 -0.008891948 0.159894 -0.09334056
Ass_end 0 0.008724693 0 0 0 0 1
Bone.002 -4.401275E-11 0.004778468 -4.886571E-12 -0.04428649 -0.02833821 -0.001277 0.9986161
L.Bone.014 -0.001466502 0.00520553 1.388417E-05 0.1113808 0.08224695 -0.07634666 0.9874213
L.Bone.014_end 0 0.001960643 0 0 0 0 1
R.Bone.014 0.001466488 0.00520553 1.522543E-05 0.1113458 -0.08269838 0.07639753 0.9873837
R.Bone.014_end 0 0.001960643 0 0 0 0 1
L.Leg -0.003485408 0.007428778 0.001677738 -0.4318403 0.3770429 0.01442774 0.8192341
L.Bone.012 -1.490116E-09 0.009420818 2.980232E-10 0.04932392 0.4943423 0.08732519 0.8634623
L.Bone.013 -5.960464E-10 0.006058358 -1.341104E-09 -0.2171445 0.2849797 -0.1961799 0.9127696
L.Bone.013_end 0 0.009372279 0 -9.242821E-17 -3.72529E-09 1.240551E-08 1
L.Leg.001 -0.003772971 0.005723183 0.00218765 -0.5902143 0.5086589 0.08142235 0.6215172
L.Bone.009 1.490116E-09 0.009040783 -5.960464E-10 -0.2426441 0.3075021 0.2764242 0.8775854
L.Bone.010 -2.980232E-10 0.005186381 2.980232E-10 -0.1770657 0.06826828 0.2226583 0.9562482
L.Bone.010_end 0 0.009689481 0 -1.862645E-09 -1.170938E-17 -3.143213E-09 1
L.Leg.002 -0.003758687 0.003735069 0.002551192 -0.7293564 0.443372 0.2271926 0.4688753
L.Bone.006 -5.587935E-10 0.008784518 0 -0.1330948 0.1758761 0.4247769 0.8780193
L.Bone.007 -1.806766E-09 0.005476792 -3.911555E-10 -0.2340483 0.07777951 0.2704017 0.9306206
L.Bone.007_end 0 0.009494682 0 0 0 -1.513399E-09 1
L.Leg.003 -0.003920042 0.002016956 0.002664016 0.7908682 -0.3293666 -0.3557489 -0.3734808
L.Bone.003 7.45058E-11 0.009176553 -2.980232E-10 -0.1051661 0.02665599 0.4497402 0.8865458
L.Bone.004 1.788139E-09 0.005492451 5.960464E-10 -0.1961598 0.01581397 0.3024019 0.9326438
L.Bone.004_end 0 0.00977672 0 -2.244298E-17 1.862645E-09 -6.024492E-09 1
R.Leg 0.003271124 0.007428778 0.002064614 -0.4073505 -0.4204029 0.08904544 0.8058524
R.Bone.012 2.980232E-10 0.009420812 3.352761E-10 0.05788792 -0.3935258 -0.07772937 0.9141907
R.Bone.013 0 0.00605836 3.72529E-10 -0.3005069 -0.3319629 0.1923806 0.8732044
R.Bone.013_end 0 0.009372279 0 1.194384E-16 1.303852E-08 9.160427E-09 1
R.Leg.001 0.003498604 0.005723183 0.002604019 -0.5694526 -0.5662079 -0.1339666 0.5806766
R.Bone.009 0 0.009040779 1.490116E-10 -0.1781193 -0.3119886 -0.08225191 0.9296081
R.Bone.010 2.980232E-10 0.005186384 -5.960464E-10 -0.1434503 -0.07319161 -0.1197606 0.9796542
R.Bone.010_end 0 0.009689481 0 1.64365E-16 -7.450581E-09 -2.20607E-08 1
R.Leg.002 0.003442916 0.003735069 0.002963554 -0.7396176 -0.3998201 -0.2903084 0.45698
R.Bone.006 1.192093E-09 0.008784513 0 -0.1130114 -0.1938771 -0.2972705 0.9280466
R.Bone.007 2.905726E-09 0.005476792 1.192093E-09 -0.165908 -0.06992668 -0.1083059 0.9776782
R.Bone.007_end 0 0.009494682 0 -8.543512E-17 3.72529E-09 -2.293381E-08 1
R.Leg.003 0.003590339 0.002016956 0.003094057 0.8509162 0.2095794 0.2720321 -0.3975131
R.Bone.003 -5.215406E-10 0.009176552 4.470348E-10 -0.1314239 -0.006161638 -0.5076811 0.8514398
R.Bone.004 5.960464E-10 0.005492452 -5.960464E-10 -0.2281928 -0.001858714 -0.3918416 0.8912827
R.Bone.004_end 0 0.00977672 0 0 0 -3.521563E-09 1
Spider.005 0 0 0 -0.7071068 0 0 0.7071067
#
spider_black 1.2 -2 3 0 0 0 1
Spider 0 0 0 -0.7071068 0 0 0.7071067
Bone 0 0.00378405 0.01089395 0.9533114 -0.06830914 0.1097889 0.2729058
Ass -4.962317E-06 -0.0008279767 0.0001020675 0.982671 -0.008891948 0.159894 -0.09334056
Ass_end 0 0.008724693 0 0 0 0 1
Bone.002 -4.401275E-11 0.004778468 -4.886571E-12 -0.04428649 -0.02833821 -0.001277 0.9986161
L.Bone.014 -0.001466502 0.00520553 1.388417E-05 0.1113808 0.08224695 -0.07634666 0.9874213
L.Bone.014_end 0 0.001960643 0 0 0 0 1
R.Bone.014 0.001466488 0.00520553 1.522543E-05 0.1113458 -0.08269838 0.07639753 0.9873837
R.Bone.014_end 0 0.001960643 0 0 0 0 1
L.Leg -0.003485408 0.007428778 0.001677738 0.5038525 -0.4700476 -0.1211868 -0.714494
L.Bone.012 -1.490116E-09 0.009420818 2.980232E-10 -0.05645651 0.4599846 0.2646574 0.8456852
L.Bone.013 -5.960464E-10 0.006058358 -1.341104E-09 -0.2422502 0.2664416 -0.09972526 0.927566
L.Bone.013_end 0 0.009372279 0 9.242817E-17 1.117587E-08 1.240551E-08 1
L.Leg.001 -0.003772971 0.005723183 0.00218765 0.5993547 -0.4319072 -0.04420979 -0.6725144
L.Bone.009 1.490116E-09 0.009040783 -5.960464E-10 -0.2302072 0.3196642 0.2423344 0.8866191
L.Bone.010 -2.980232E-10 0.005186381 2.980232E-10 -0.1717751 0.07972279 0.1649692 0.9679477
L.Bone.010_end 0 0.009689481 0 -1.862645E-09 -1.170938E-17 -3.143213E-09 1
L.Leg.002 -0.003758687 0.003735069 0.002551192 -0.7494229 0.349407 0.1041401 0.5526617
L.Bone.006 -5.587935E-10 0.008784518 0 -0.1156507 0.189407 0.3434695 0.912567
L.Bone.007 -1.806766E-09 0.005476792 -3.911555E-10 -0.2192853 0.1073269 0.1909555 0.9507528
L.Bone.007_end 0 0.009494682 0 0 0 -1.513399E-09 1
L.Leg.003 -0.003920042 0.002016956 0.002664016 -0.8018656 0.3289332 0.3045629 0.3950393
L.Bone.003 7.45058E-11 0.009176553 -2.980232E-10 -0.1006679 0.04255072 0.3586361 0.9270575
L.Bone.004 1.788139E-09 0.005492451 5.960464E-10 -0.1930477 0.03049502 0.2435889 0.9499826
L.Bone.004_end 0 0.00977672 0 -1.262417E-17 2.328304E-10 -6.024492E-09 1
R.Leg 0.003271124 0.007428778 0.002064614 -0.4846089 -0.4675492 -0.0009656882 0.7392909
R.Bone.012 2.980232E-10 0.009420812 3.352761E-10 -0.1534033 -0.4154153 -0.4196558 0.7923298
R.Bone.013 0 0.00605836 3.72529E-10 -0.3653204 -0.2429964 -0.04988989 0.8972206
R.Bone.013_end 0 0.009372279 0 0 0 9.160427E-09 1
R.Leg.001 0.003498604 0.005723183 0.002604019 -0.5675911 -0.4966842 -0.07438637 0.6523893
R.Bone.009 0 0.009040779 1.490116E-10 -0.2299726 -0.2893049 -0.2331918 0.8994648
R.Bone.010 2.980232E-10 0.005186384 -5.960464E-10 -0.1526456 -0.05773279 -0.2300236 0.9594037
R.Bone.010_end 0 0.009689481 0 0 0 -2.20607E-08 1
R.Leg.002 0.003442916 0.003735069 0.002963554 -0.7519713 -0.3548284 -0.1775657 0.526409
R.Bone.006 1.192093E-09 0.008784513 0 -0.1453612 -0.1756101 -0.4531048 0.8618163
R.Bone.007 2.905726E-09 0.005476792 1.192093E-09 -0.1844171 -0.06055537 -0.231937 0.9531677
R.Bone.007_end 0 0.009494682 0 0 0 -2.293381E-08 1
R.Leg.003 0.003590339 0.002016956 0.003094057 0.8293391 0.255566 0.2769212 -0.4125498
R.Bone.003 -5.215406E-10 0.009176552 4.470348E-10 0.1302039 -0.0004829786 0.5760818 -0.8069552
R.Bone.004 5.960464E-10 0.005492452 -5.960464E-10 0.2287865 -0.01060096 0.4509213 -0.8626786
R.Bone.004_end 0 0.00977672 0 0 0 -3.521563E-09 1
Spider.005 0 0 0 -0.7071068 0 0 0.7071067
