U_CharacterBack (1) -2.049851 -0.07626513 2.025402 0 0 0 1
U -2.049851 -0.07626513 2.025402 0 0 0 1
joint_Char -2.049851 -0.07626513 2.025402 0 0 0 1
joint_Pelvis -1.953379 1.009665 1.864313 0.2479721 -0.6706722 -0.2027014 0.6690447
joint_HipMaster -1.952763 1.001647 1.85837 0.9491755 0.03200393 0.001338497 -0.3131129
joint_HipLT -2.016566 0.9447027 1.802255 0.7123424 -0.06708036 -0.6986079 0.003953595
joint_KneeLT -2.05606 0.5100626 1.845834 0.7005695 0.191284 -0.6404905 -0.2497698
joint_FootLT -2.077065 0.1856704 1.605187 0.7274715 0.1957081 -0.628999 -0.1919479
joint_ToeLT -2.091054 0.04293361 1.669178 0.707468 -0.245185 -0.6294968 0.2076243
joint_HipRT -1.880144 0.9528934 1.805343 0.03679283 -0.7152184 0.0331584 0.6971438
joint_KneeRT -1.836782 0.516444 1.803646 0.2424067 -0.67879 -0.1743189 0.6708922
joint_FootRT -1.798283 0.1841029 1.576379 0.1859547 -0.6867838 -0.1784064 0.6796473
joint_ToeRT -1.797582 0.04352983 1.646402 -0.2448313 -0.6734853 0.2317422 0.6578535
joint_TorsoA -1.953995 1.017684 1.870256 0.2834534 -0.6582066 -0.2383581 0.6554415
joint_TorsoB -1.960508 1.095579 1.943823 0.2399261 -0.6752907 -0.1951071 0.6695904
joint_TorsoC -1.967556 1.186409 2.009504 0.2399261 -0.6752907 -0.1951071 0.6695904
joint_ClavicleLT -2.011399 1.290523 2.053768 -0.3015143 0.3122771 0.6448961 0.629032
joint_ShoulderLT -2.104895 1.289251 2.055961 -0.3672631 0.2031944 0.7742292 0.4737082
joint_ElbowLT -2.30528 1.182874 2.048399 -0.2265671 0.3024192 0.9022474 0.2077501
joint_HandLT -2.424629 1.012504 2.153679 -0.1235515 0.1512298 0.9701241 -0.1439588
joint_CapitateLT -2.38716 0.9549441 2.178553 -0.7297015 -0.09482899 0.6012725 -0.3114727
joint_FingersALT -2.381584 0.9073835 2.18454 -0.5058983 -0.577515 0.5797288 0.2728708
joint_FingersBLT -2.373039 0.9015152 2.154384 0.009753451 -0.7710106 0.2416788 0.5891008
joint_FingersCLT -2.380351 0.9230493 2.145576 0.4355304 -0.634118 -0.135547 0.6243683
joint_IndexALT -2.359668 0.9181999 2.18792 -0.5107484 -0.5745314 0.5806821 0.2680643
joint_IndexBLT -2.351213 0.9121826 2.159044 -0.00498651 -0.7582796 0.2986131 0.5794982
joint_IndexCLT -2.358364 0.9295384 2.149356 0.4674132 -0.6136737 -0.09036712 0.6298922
joint_PisiformLT -2.41945 0.9500024 2.169654 -0.1383838 0.1176428 0.9816937 -0.05734153
joint_PinkyALT -2.42163 0.8998581 2.174293 -0.5955201 -0.5238242 0.5107415 0.3318249
joint_PinkyBLT -2.413413 0.8931963 2.147464 -0.1456401 -0.7697485 0.2349768 0.5753804
joint_PinkyCLT -2.414241 0.908378 2.137977 0.3841897 -0.6964075 -0.1411543 0.5894833
joint_RingALT -2.402427 0.9016479 2.17983 -0.5540559 -0.533325 0.525653 0.3636972
joint_RingBLT -2.395538 0.8961476 2.148009 -0.1044492 -0.7531567 0.2253172 0.6091619
joint_RingCLT -2.397734 0.9125725 2.139266 0.4120095 -0.653385 -0.1710587 0.6116174
joint_ThumbALT -2.396228 0.9914585 2.165285 -0.4201629 -0.2304494 0.675393 -0.5605367
joint_ThumbBLT -2.366741 0.9832284 2.170239 -0.5022853 -0.1793101 0.7740048 -0.3412838
joint_ThumbCLT -2.342969 0.9596471 2.172429 -0.5369426 -0.2034145 0.8155279 -0.07232106
joint_ClavicleRT -1.938482 1.294746 2.055752 0.6264908 -0.6474404 0.3169592 0.2964241
joint_ShoulderRT -1.845031 1.293428 2.059401 0.5400106 -0.703469 0.2051422 0.4140491
joint_ElbowRT -1.634007 1.217927 2.023409 0.265759 -0.8563855 0.3723105 0.2395018
joint_HandRT -1.486307 1.082353 2.142399 -0.05157006 -0.9730092 0.2057047 0.09099185
joint_CapitateRT -1.512145 1.020823 2.172103 -0.2807413 -0.6408925 0.004289842 0.7144389
joint_FingersART -1.508212 0.9738435 2.182419 -0.3128507 0.5798386 0.4931927 -0.568043
joint_FingersBRT -1.51451 0.9637107 2.152848 0.618228 -0.2153741 -0.7501504 0.09318171
joint_FingersCRT -1.511425 0.9854124 2.142158 -0.6329761 -0.1736328 0.6742935 0.3384104
joint_IndexART -1.531945 0.9802412 2.184542 -0.3079216 0.5811897 0.4897362 -0.5723301
joint_IndexBRT -1.538164 0.9700946 2.15626 0.6136779 -0.2724912 -0.7334946 0.105517
joint_IndexCRT -1.534369 0.9876114 2.145081 -0.6443112 -0.1305602 0.6550979 0.3723767
joint_PisiformRT -1.479273 1.021771 2.164052 0.03534171 -0.9773818 0.1752431 0.1129864
joint_PinkyART -1.467187 0.9737274 2.17335 -0.3597792 0.5037521 0.4332653 -0.6550376
joint_PinkyBRT -1.473103 0.9631814 2.147168 0.5968058 -0.2116298 -0.7335302 0.24692
joint_PinkyCRT -1.475067 0.9773118 2.136322 -0.5960326 -0.1722917 0.7315785 0.2825839
joint_RingART -1.486512 0.9720647 2.178488 -0.3949602 0.5153375 0.4459291 -0.6161016
joint_RingBRT -1.491214 0.9624789 2.147243 0.6311029 -0.1974196 -0.721335 0.2059395
joint_RingCRT -1.492112 0.9781653 2.137036 -0.6158191 -0.206503 0.6928 0.3132918
joint_ThumbART -1.510223 1.057093 2.155601 0.505188 0.7429361 0.161095 -0.408509
joint_ThumbBRT -1.537583 1.043521 2.160978 -0.2815548 -0.8171265 -0.09519744 0.4939322
joint_ThumbCRT -1.556179 1.015893 2.165091 0.01139851 0.8324884 0.111004 -0.5426893
joint_Neck -1.978322 1.338347 2.081726 0.2000558 -0.6683089 -0.2959306 0.6525077
joint_Head -1.965139 1.420995 2.154588 0.08366019 -0.6926119 -0.1807422 0.6932694
joint_CheekLT -2.005084 1.41009 2.241915 0.05088961 -0.6957781 -0.147882 0.7010237
joint_CheekRT -1.925013 1.399223 2.239765 0.05262321 -0.6956491 -0.1496283 0.7006532
joint_DimpleLT -2.009818 1.382547 2.221972 0.0508896 -0.6957781 -0.1478821 0.7010237
joint_DimpleRT -1.928844 1.371557 2.219797 0.0508896 -0.6957782 -0.147882 0.7010236
joint_EyebrowInnerLT -1.976637 1.431451 2.267096 0.05088963 -0.6957781 -0.147882 0.7010237
joint_EyebrowInnerRT -1.945375 1.427209 2.266257 0.05088957 -0.6957781 -0.147882 0.7010237
joint_EyebrowOuterLT -1.994312 1.445547 2.267885 0.05088961 -0.6957781 -0.147882 0.7010237
joint_EyebrowOuterRT -1.924568 1.436082 2.266011 0.05088961 -0.6957781 -0.147882 0.7010237
joint_EyelidsDownLT -1.991255 1.438336 2.241556 0.05088961 -0.6957781 -0.147882 0.7010237
joint_EyelidsDownRT -1.930819 1.430134 2.239933 0.05088961 -0.6957781 -0.147882 0.7010237
joint_EyelidUpLT -1.991126 1.439181 2.242074 0.05088961 -0.6957781 -0.147882 0.7010237
joint_EyelidUpRT -1.93069 1.430979 2.240451 0.05088961 -0.6957781 -0.147882 0.7010237
joint_EyeLT -1.990707 1.442425 2.236097 -0.0127477 -0.6974891 -0.08337178 0.7116149
joint_EyeRT -1.930545 1.43426 2.234481 -0.01274259 -0.6975511 -0.08335863 0.7115558
joint_Jaw -1.965415 1.413763 2.181076 0.9944094 -0.06622705 -0.01868956 0.08009331
joint_LipCornerLT -1.99869 1.371009 2.224703 0.0508896 -0.6957781 -0.1478821 0.7010237
joint_LipCornerRT -1.942483 1.363381 2.223193 0.05088963 -0.6957781 -0.147882 0.7010237
joint_LowerLip -1.971515 1.358551 2.233882 0.04900128 -0.6954027 -0.1490755 0.7012779
joint_LowerLipLT -1.983038 1.362194 2.230536 0.05088966 -0.6957782 -0.147882 0.7010237
joint_LowerLipRT -1.959587 1.359012 2.229906 0.05088957 -0.6957781 -0.1478821 0.7010237
joint_NoseMain -1.96713 1.387692 2.249636 0.05088957 -0.6957781 -0.147882 0.7010237
joint_NoseSideLT -1.97867 1.382793 2.245495 0.05088961 -0.6957781 -0.1478821 0.7010236
joint_NoseSideRT -1.957516 1.379922 2.244926 0.05088963 -0.6957781 -0.147882 0.7010237
joint_UpperLip -1.970983 1.361873 2.236869 0.0508896 -0.6957781 -0.1478821 0.7010237
joint_UpperLipLT -1.984929 1.367065 2.233378 0.0508896 -0.6957781 -0.1478821 0.7010236
joint_UpperLipRT -1.95632 1.363182 2.23261 0.05088961 -0.6957781 -0.147882 0.7010237
U_Char -2.049851 -0.07626513 2.025402 0 0 0 1
U_Char_Eye_L -2.049851 -0.07626513 2.025402 0 0 0 1
U_Char_Eye_R -2.049851 -0.07626513 2.025402 0 0 0 1
