U_CharacterBack (1) -1.996435 0.02426385 2.182776 0 0 0 1
U -1.996435 0.02426385 2.182776 0 0 0 1
joint_Char -1.996435 0.02426385 2.182776 0 0 0 1
joint_Pelvis -1.90775 1.080587 2.110511 0.08677565 -0.7155967 -0.0965102 0.6863507
joint_HipMaster -1.907838 1.070895 2.108052 0.9920696 -0.007004537 0.02063931 -0.1237865
joint_HipLT -1.976256 1.002457 2.074922 0.7091866 0.1197957 -0.6760341 -0.1602551
joint_KneeLT -1.996766 0.5989726 1.904187 0.6794222 0.1600727 -0.6912851 -0.1867812
joint_FootLT -2.013237 0.2434663 1.712023 0.660692 0.1405282 -0.7208238 -0.1554062
joint_ToeLT -2.006782 0.1105 1.795346 0.6202249 -0.2520117 -0.6843679 0.2888806
joint_HipRT -1.839683 0.9998582 2.080283 0.1730299 -0.702989 -0.1231909 0.6787423
joint_KneeRT -1.806329 0.600832 1.901295 0.1831172 -0.7120228 -0.1389804 0.6634579
joint_FootRT -1.775448 0.239127 1.722973 0.1325479 -0.7266724 -0.1383877 0.6597175
joint_ToeRT -1.786425 0.1094064 1.810817 -0.3109923 -0.676203 0.2533165 0.6179518
joint_TorsoA -1.907663 1.09028 2.11297 0.1296832 -0.709214 -0.1343456 0.6798157
joint_TorsoB -1.907801 1.190136 2.152351 0.08315676 -0.7161615 -0.08972646 0.6871297
joint_TorsoC -1.907329 1.299084 2.17962 0.08315676 -0.7161615 -0.08972646 0.6871297
joint_ClavicleLT -1.942284 1.415265 2.180782 -0.4573397 0.3869236 0.5599185 0.5723832
joint_ShoulderLT -2.035337 1.411025 2.17234 -0.4404895 0.3872071 0.5177072 0.622912
joint_ElbowLT -2.259177 1.428253 2.138778 -0.4480315 0.4773792 0.5265722 0.5423095
joint_HandLT -2.492058 1.438506 2.142696 -0.4741503 0.5543733 0.4663147 0.5004028
joint_CapitateLT -2.560535 1.445372 2.167181 -0.6639501 0.7278123 0.110349 -0.1314663
joint_FingersALT -2.608281 1.442011 2.161015 -0.9971136 0.01930029 0.06588443 -0.03243713
joint_FingersBLT -2.609372 1.410214 2.163159 -0.7519134 -0.6555216 0.06883268 0.01344889
joint_FingersCLT -2.585376 1.406795 2.160465 -0.2555987 -0.9647412 0.04375652 0.04505876
joint_IndexALT -2.603671 1.442759 2.185241 -0.996909 0.02656789 0.06546512 -0.03437572
joint_IndexBLT -2.605158 1.412191 2.187451 -0.7811961 -0.6161292 0.09143806 0.04192317
joint_IndexCLT -2.584985 1.407179 2.183687 -0.2548819 -0.9593408 0.0752458 0.09507844
joint_PisiformLT -2.556042 1.442344 2.133761 -0.5360178 0.5005451 0.4278294 0.5283011
joint_PinkyALT -2.604203 1.438781 2.119322 -0.9958993 0.04039896 -0.07052688 -0.03974134
joint_PinkyBLT -2.606685 1.410127 2.12144 -0.8241172 -0.5641137 -0.01420801 -0.04904556
joint_PinkyCLT -2.590048 1.403698 2.123177 -0.301821 -0.9515094 0.052343 -0.02819568
joint_RingALT -2.60802 1.440624 2.138935 -0.9985128 -0.0001212917 -0.05425239 -0.005443059
joint_RingBLT -2.608032 1.407607 2.139294 -0.7994414 -0.600228 -0.02116363 -0.01314259
joint_RingCLT -2.590061 1.402377 2.140164 -0.2543571 -0.9667944 0.02474095 0.0001942217
joint_ThumbALT -2.520952 1.440528 2.166048 -0.5340031 0.6507984 0.5043334 -0.1922253
joint_ThumbBLT -2.536494 1.438077 2.192772 -0.6776339 0.633609 0.3725953 -0.02291989
joint_ThumbCLT -2.564736 1.431499 2.209658 -0.8228328 0.5041348 0.2356627 0.1151461
joint_ClavicleRT -1.869283 1.414225 2.183675 0.533788 -0.5992541 0.3925525 0.449297
joint_ShoulderRT -1.776454 1.402819 2.182817 0.5823732 -0.6095238 0.2922681 0.4515551
joint_ElbowRT -1.555385 1.368578 2.144305 0.6582122 -0.7339339 0.03941539 0.1629256
joint_HandRT -1.327138 1.338176 2.10779 0.5705241 -0.7828279 -0.2381925 -0.07034078
joint_CapitateRT -1.270125 1.304442 2.07701 0.5019802 -0.6255742 0.1308038 0.5827211
joint_FingersART -1.225205 1.304692 2.059373 -0.7003483 0.4691667 -0.09837216 -0.5288845
joint_FingersBRT -1.200932 1.304703 2.038694 0.758651 -0.3675915 0.02525745 0.5372971
joint_FingersCRT -1.186668 1.308419 2.019265 -0.7578346 0.3689519 -0.02772171 -0.5373952
joint_IndexART -1.236742 1.284642 2.050796 -0.6998016 0.4662941 -0.1021558 -0.5314249
joint_IndexBRT -1.213386 1.284651 2.030897 0.6965352 -0.4774699 0.08532748 0.5287544
joint_IndexCRT -1.197429 1.284332 2.017059 -0.7142248 0.4572206 -0.04428425 -0.5280831
joint_PisiformRT -1.26467 1.334676 2.091237 0.6426803 -0.7219831 -0.2447938 -0.07601932
joint_PinkyART -1.216861 1.341907 2.077002 -0.6927716 0.4349786 -0.14205 -0.5573902
joint_PinkyBRT -1.194913 1.341914 2.058294 0.6891227 -0.446262 0.1263072 0.5567832
joint_PinkyCRT -1.18137 1.341586 2.046562 -0.7197055 0.4063671 -0.07710952 -0.557624
joint_RingART -1.218962 1.323964 2.068269 -0.7337409 0.4297681 -0.1479529 -0.5050091
joint_RingBRT -1.193203 1.327944 2.047998 0.7287338 -0.4413645 0.1334068 0.5063079
joint_RingCRT -1.17862 1.329775 2.036378 -0.7429625 0.423471 -0.1118547 -0.5061306
joint_ThumbART -1.307322 1.313492 2.088237 -0.2808727 0.7431532 0.213891 -0.568406
joint_ThumbBRT -1.301917 1.29021 2.068476 0.3566369 -0.7098589 -0.2024519 0.5726467
joint_ThumbCRT -1.292707 1.267941 2.045125 -0.4549192 0.6304661 0.2646473 -0.5705467
joint_Neck -1.905355 1.467308 2.190302 0.1733456 -0.6931041 -0.2348899 0.6590793
joint_Head -1.897662 1.55936 2.251788 0.05316252 -0.712474 -0.1194958 0.6894025
joint_CheekLT -1.940187 1.558552 2.338572 0.01948953 -0.7141827 -0.08688681 0.6942727
joint_CheekRT -1.859752 1.550708 2.340259 0.02126916 -0.7141318 -0.08861654 0.6940541
joint_DimpleLT -1.943242 1.528438 2.322366 0.01948953 -0.7141827 -0.08688683 0.6942728
joint_DimpleRT -1.8619 1.520505 2.324072 0.01948953 -0.7141827 -0.08688682 0.6942727
joint_EyebrowInnerLT -1.913408 1.584187 2.361493 0.01948954 -0.7141827 -0.08688677 0.6942728
joint_EyebrowInnerRT -1.882004 1.581124 2.362152 0.0194895 -0.7141827 -0.08688682 0.6942728
joint_EyebrowOuterLT -1.931592 1.597544 2.359865 0.01948953 -0.7141827 -0.08688681 0.6942727
joint_EyebrowOuterRT -1.861532 1.590711 2.361335 0.01948953 -0.7141827 -0.08688681 0.6942727
joint_EyelidsDownLT -1.927371 1.587031 2.334841 0.01948953 -0.7141827 -0.08688681 0.6942727
joint_EyelidsDownRT -1.866661 1.58111 2.336115 0.01948953 -0.7141827 -0.08688681 0.6942727
joint_EyelidUpLT -1.92729 1.587942 2.335245 0.01948953 -0.7141827 -0.08688681 0.6942727
joint_EyelidUpRT -1.86658 1.582021 2.336519 0.01948953 -0.7141827 -0.08688681 0.6942727
joint_EyeLT -1.926781 1.590378 2.328902 -0.04569729 -0.7129561 -0.02324753 0.6993322
joint_EyeRT -1.866346 1.584484 2.33017 -0.04568708 -0.7130158 -0.02323126 0.6992726
joint_Jaw -1.898595 1.555702 2.278986 0.9880828 -0.04972319 0.003273777 0.1456364
joint_LipCornerLT -1.93181 1.51782 2.326945 0.01948952 -0.7141827 -0.08688685 0.6942727
joint_LipCornerRT -1.875348 1.512313 2.328129 0.01948955 -0.7141827 -0.08688682 0.6942727
joint_LowerLip -1.904541 1.507787 2.338508 0.01760107 -0.7139279 -0.08812784 0.6944287
joint_LowerLipLT -1.916064 1.51049 2.334365 0.01948956 -0.7141827 -0.08688678 0.6942727
joint_LowerLipRT -1.892507 1.508193 2.334859 0.01948949 -0.7141827 -0.08688688 0.6942727
joint_NoseMain -1.901747 1.538913 2.350339 0.0194895 -0.7141827 -0.08688681 0.6942728
joint_NoseSideLT -1.912954 1.53305 2.346553 0.01948952 -0.7141827 -0.08688682 0.6942727
joint_NoseSideRT -1.891705 1.530978 2.346998 0.01948954 -0.7141827 -0.0868868 0.6942728
joint_UpperLip -1.904231 1.511495 2.341037 0.01948952 -0.7141827 -0.08688682 0.6942727
joint_UpperLipLT -1.918225 1.515616 2.336473 0.01948953 -0.7141827 -0.08688684 0.6942727
joint_UpperLipRT -1.889486 1.512813 2.337075 0.01948953 -0.7141827 -0.08688682 0.6942727
