Left_WristRoot 0.06871746 -0.2564319 0.2210117 0.6566358 0.04520188 -0.7524819 0.0236068
Left_ForearmStub 0.06871746 -0.2564319 0.2210117 0.6566358 0.04520188 -0.7524819 0.0236068
Left_Thumb0 0.08209781 -0.2667426 0.2380304 0.2307001 -0.2603629 -0.9155247 -0.2019982
Left_Thumb1 0.1011283 -0.2725963 0.2503971 0.333911 -0.4893775 -0.7755727 -0.2179456
Left_Thumb2 0.1220408 -0.2729412 0.2728198 0.3882838 -0.4500451 -0.7945688 -0.1239177
Left_Thumb3 0.1433226 -0.2680788 0.2960398 0.2445602 -0.5597704 -0.7890151 -0.06559474
Left_Index1 0.1036358 -0.2632546 0.3074502 0.5768115 0.1617729 -0.7788662 -0.1857032
Left_Index2 0.1131364 -0.2802773 0.3374405 0.5784635 0.2061443 -0.7619382 -0.2057543
Left_Index3 0.118777 -0.2929305 0.3557011 0.6130205 0.1788611 -0.7533105 -0.1572832
Left_Middle1 0.08286708 -0.2608067 0.3100396 0.6504338 0.2187807 -0.7105872 -0.1553604
Left_Middle2 0.08714218 -0.2812677 0.3447107 0.6416563 0.2622536 -0.6958371 -0.1879124
Left_Middle3 0.08989453 -0.2968067 0.3653514 0.668854 0.2366592 -0.6957564 -0.1120266
Left_Ring1 0.06448112 -0.2661826 0.3058241 0.7218097 0.127181 -0.6802371 0.009658976
Left_Ring2 0.06292892 -0.2724517 0.34203 0.7188153 0.1696132 -0.6740065 0.01584905
Left_Ring3 0.0620795 -0.2780273 0.3664486 0.7027325 0.1537153 -0.693505 0.03986923
Left_Pinky0 0.05256016 -0.2681835 0.2554048 0.735541 0.2148854 -0.6273537 0.1386765
Left_Pinky1 0.04737434 -0.2743019 0.2977044 0.7914047 0.008409452 -0.5882915 0.1658951
Left_Pinky2 0.03845992 -0.2690324 0.3247631 0.80461 0.08577492 -0.5636019 0.1661279
Left_Pinky3 0.03175556 -0.2680894 0.3426826 0.7773327 0.06391463 -0.5997415 0.1788269
Left_ThumbTip 0.1637084 -0.2631976 0.3060291 0.2445602 -0.5597704 -0.7890151 -0.06559474
Left_IndexTip 0.1227167 -0.3017177 0.3744922 0.6130205 0.1788611 -0.7533105 -0.1572832
Left_MiddleTip 0.09132335 -0.3070575 0.3865283 0.668854 0.2366592 -0.6957565 -0.1120266
Left_RingTip 0.06164392 -0.2803404 0.3893214 0.7027325 0.1537153 -0.693505 0.03986923
Left_PinkyTip 0.02597409 -0.2645623 0.362252 0.7773327 0.06391463 -0.5997415 0.1788269
Right_WristRoot 0.002274946 -0.1900943 0.1917159 0.1516764 0.7477412 -0.122418 -0.6347371
Right_ForearmStub 0.002274946 -0.1900943 0.1917159 0.1516764 0.7477412 -0.122418 -0.6347371
Right_Thumb0 -0.01107334 -0.1928345 0.2114465 -0.1594714 0.8384025 -0.4508852 -0.2614432
Right_Thumb1 -0.03011522 -0.1935761 0.2250927 -0.175969 0.6369922 -0.6515954 -0.3724237
Right_Thumb2 -0.05037344 -0.1855682 0.2466729 -0.0662901 0.6669926 -0.6241356 -0.4014739
Right_Thumb3 -0.07168992 -0.1724147 0.2663786 -0.07252426 0.6412477 -0.7105785 -0.2803927
Right_Index1 -0.03354382 -0.1616541 0.2732366 0.140115 0.7738835 -0.1578462 -0.5971239
Right_Index2 -0.04240111 -0.1471542 0.3047128 0.1531213 0.7740827 -0.1340824 -0.5994763
Right_Index3 -0.04777294 -0.1380359 0.3250443 0.2136525 0.7487941 -0.1540256 -0.6082242
Right_Middle1 -0.01287081 -0.1578155 0.2746255 -0.03118875 0.7166579 0.08191855 -0.6918946
Right_Middle2 -0.01451523 -0.1642146 0.3145675 -0.09937949 0.7060659 0.1635345 -0.6817999
Right_Middle3 -0.0158285 -0.1736547 0.3387384 -0.02587084 0.7023164 0.1415805 -0.6971639
Right_Ring1 0.005685175 -0.1639671 0.2730295 0.08720115 0.6712125 0.05667358 -0.7339332
Right_Ring2 0.00908797 -0.1627214 0.309628 0.07865688 0.6714316 0.1169308 -0.727544
Right_Ring3 0.01086769 -0.1643384 0.3345739 0.1013452 0.6897851 0.09867401 -0.7100627
Right_Pinky0 0.01827238 -0.1862255 0.2279258 0.2817305 0.6628862 0.06921352 -0.6902313
Right_Pinky1 0.02307412 -0.174258 0.2690026 0.2852043 0.5435786 -0.08045313 -0.7853078
Right_Pinky2 0.03455014 -0.1616137 0.2924085 0.2840444 0.5339128 0.01100266 -0.7963259
Right_Pinky3 0.04278006 -0.1561393 0.3088171 0.2964703 0.5654531 -0.02245154 -0.7693273
Right_ThumbTip -0.09130482 -0.1647482 0.2761598 -0.07252426 0.6412477 -0.7105785 -0.2803927
Right_IndexTip -0.05093329 -0.1265113 0.3424523 0.2136525 0.7487941 -0.1540256 -0.6082242
Right_MiddleTip -0.01599451 -0.1781775 0.3618706 -0.02587084 0.7023164 0.1415805 -0.6971639
Right_RingTip 0.01218915 -0.1629578 0.3574878 0.1013452 0.6897851 0.09867401 -0.7100627
Right_PinkyTip 0.0503527 -0.1474489 0.3260206 0.2964703 0.5654531 -0.02245154 -0.7693273
