Left_WristRoot 0.03641682 -0.503026 0.3786472 0.3629486 -0.1390066 -0.9208396 -0.03162181
Left_ForearmStub 0.03641682 -0.503026 0.3786472 0.3629486 -0.1390066 -0.9208396 -0.03162181
Left_Thumb0 0.05507499 -0.5154068 0.3870773 -0.1049053 -0.4495912 -0.8608137 -0.2141551
Left_Thumb1 0.07580239 -0.5262357 0.3873574 -0.007641941 -0.6459705 -0.7577348 -0.09220611
Left_Thumb2 0.1058748 -0.5308132 0.3906479 0.04248884 -0.5854316 -0.8089783 -0.03192049
Left_Thumb3 0.1374961 -0.5308735 0.3940226 -0.06765361 -0.6492893 -0.7575235 -0.002159975
Left_Index1 0.1162964 -0.5119593 0.4259636 0.2726607 -0.1338121 -0.9421677 -0.1416704
Left_Index2 0.1452482 -0.5188828 0.4456545 0.2933436 -0.07909488 -0.9230736 -0.2358572
Left_Index3 0.1616385 -0.5277802 0.4588937 0.3177179 -0.08403168 -0.9260615 -0.1854841
Left_Middle1 0.1032217 -0.5019346 0.4390273 0.3336085 -0.0921189 -0.9282552 -0.1362416
Left_Middle2 0.1331266 -0.5096694 0.4650608 0.3445548 -0.05547871 -0.9146916 -0.203822
Left_Middle3 0.1507424 -0.518345 0.4819885 0.3501567 -0.04816184 -0.9273015 -0.123218
Left_Ring1 0.08590561 -0.5007746 0.4480743 0.3984323 -0.003340074 -0.8914713 -0.2156838
Left_Ring2 0.1075373 -0.5147889 0.4741962 0.3135149 0.2775588 -0.5899075 -0.6904191
Left_Ring3 0.1037878 -0.5395108 0.4738618 0.194934 0.4009587 -0.3175311 -0.8369032
Left_Pinky0 0.04428242 -0.5041246 0.4175326 0.4896749 0.05829109 -0.8686743 0.04717853
Left_Pinky1 0.06645073 -0.5030565 0.4543149 0.5282114 -0.09960132 -0.8358216 0.1116901
Left_Pinky2 0.078507 -0.4946171 0.4791981 0.5611522 0.009904389 -0.8266891 0.03994144
Left_Pinky3 0.08552234 -0.4935673 0.4969471 0.5196073 0.01737929 -0.8538616 0.02504444
Left_ThumbTip 0.1604099 -0.5322103 0.3908577 -0.06765361 -0.6492893 -0.7575235 -0.002159975
Left_IndexTip 0.1772146 -0.5329255 0.4721154 0.3177179 -0.08403168 -0.9260615 -0.1854841
Left_MiddleTip 0.1678567 -0.5218375 0.4977385 0.3501567 -0.04816184 -0.9273015 -0.123218
Left_RingTip 0.0932474 -0.5563319 0.4623576 0.194934 0.4009587 -0.3175311 -0.8369032
Left_PinkyTip 0.09512261 -0.4919024 0.5151687 0.5196073 0.01737929 -0.8538616 0.02504444
Right_WristRoot 0.03936356 -0.4607166 0.3677634 -0.159607 -0.9240104 -0.003476023 0.3474455
Right_ForearmStub 0.03936356 -0.4607166 0.3677634 -0.159607 -0.9240104 -0.003476023 0.3474455
Right_Thumb0 0.01643461 -0.4643513 0.3735538 -0.009731635 -0.9088422 0.4144672 -0.04613081
Right_Thumb1 -0.006848846 -0.4648319 0.3714046 0.09269968 -0.7415097 0.6598939 0.07816777
Right_Thumb2 -0.03654534 -0.4658817 0.3786947 0.002504495 -0.7893819 0.6040166 0.1096995
Right_Thumb3 -0.0675805 -0.4617932 0.3842985 0.02453184 -0.7415394 0.6692659 0.0400105
Right_Index1 -0.04081338 -0.438223 0.4097763 0.02493394 -0.9737706 0.00216413 0.2261518
Right_Index2 -0.0728096 -0.4399212 0.4255001 0.08767208 -0.9680792 -0.03912235 0.23153
Right_Index3 -0.09287689 -0.4442178 0.4355958 0.01769182 -0.9644398 -0.03615228 0.2612209
Right_Middle1 -0.02608029 -0.4364661 0.4246744 0.07659771 -0.9362063 -0.09632442 0.3291994
Right_Middle2 -0.05724698 -0.4448218 0.4489785 0.1195844 -0.9288132 -0.1230771 0.3284169
Right_Middle3 -0.07683847 -0.4526768 0.4640319 0.02190442 -0.9296115 -0.1232494 0.3466302
Right_Ring1 -0.01098997 -0.4440592 0.434557 0.1928553 -0.8852296 -0.2216649 0.3606107
Right_Ring2 -0.03541321 -0.4624559 0.4548486 0.5433677 -0.7056496 -0.3957386 0.2240568
Right_Ring3 -0.04314283 -0.4860672 0.4520016 0.6563612 -0.5858737 -0.4576795 0.1283426
Right_Pinky0 0.02791043 -0.4622883 0.4057305 -0.2090318 -0.8479221 -0.2234304 0.4329119
Right_Pinky1 0.004805617 -0.45537 0.4412807 -0.2115084 -0.8080676 -0.1156504 0.537509
Right_Pinky2 -0.004812449 -0.4490823 0.4678082 -0.2075425 -0.7848675 -0.1711675 0.5582212
Right_Pinky3 -0.01036756 -0.4465078 0.4859151 -0.2341395 -0.8062648 -0.1467921 0.5230372
Right_ThumbTip -0.09068988 -0.4606689 0.3855379 0.02453184 -0.7415394 0.6692659 0.0400105
Right_IndexTip -0.1109109 -0.4443888 0.4464884 0.01769182 -0.9644398 -0.03615229 0.2612209
Right_MiddleTip -0.09442697 -0.4546664 0.4795188 0.02190442 -0.9296115 -0.1232494 0.3466302
Right_RingTip -0.04636031 -0.5068765 0.4428901 0.6563612 -0.5858737 -0.4576795 0.1283426
Right_PinkyTip -0.01702011 -0.4408053 0.5046284 -0.2341395 -0.8062648 -0.1467921 0.5230372
