Left_WristRoot -0.06409281 -0.3031118 0.1858151 0.6704186 0.04849504 -0.735715 -0.08312927
Left_ForearmStub -0.06409281 -0.3031118 0.1858151 0.6704186 0.04849504 -0.735715 -0.08312927
Left_Thumb0 -0.05339623 -0.3175121 0.201135 0.2091326 -0.2061444 -0.9096295 -0.2938404
Left_Thumb1 -0.03633699 -0.3278505 0.2127017 0.08369368 -0.3797962 -0.7260623 -0.5670835
Left_Thumb2 -0.02599544 -0.3507736 0.2293619 0.2419249 -0.323572 -0.6211245 -0.6715487
Left_Thumb3 -0.02659149 -0.372021 0.2524106 0.2821055 -0.235412 -0.311592 -0.8763036
Left_Index1 -0.03497886 -0.3273366 0.2696119 0.6209402 0.09567876 -0.7571865 -0.1787388
Left_Index2 -0.02917362 -0.3410428 0.3014981 0.5383977 0.3470694 -0.6296474 -0.4395624
Left_Index3 -0.02841088 -0.3619518 0.3099064 0.5049638 0.4210329 -0.5412577 -0.5241975
Left_Middle1 -0.05489209 -0.322117 0.2720557 0.7295391 0.1521435 -0.6412765 -0.182728
Left_Middle2 -0.06011889 -0.3402925 0.3071073 0.6048514 0.4463215 -0.5083736 -0.4201289
Left_Middle3 -0.06228406 -0.3650119 0.3132408 0.5882878 0.5176119 -0.4531453 -0.4250351
Left_Ring1 -0.07337537 -0.3238243 0.2667839 0.6598648 0.4266994 -0.5132086 -0.3451422
Left_Ring2 -0.07732235 -0.3570163 0.2806323 0.2016875 0.788114 -0.1405096 -0.5643191
Left_Ring3 -0.0703762 -0.3687642 0.2600991 -0.06594044 0.8289824 0.06597839 -0.5514412
Left_Pinky0 -0.08305682 -0.3167565 0.2172051 0.7685682 0.1998747 -0.606552 0.03804997
Left_Pinky1 -0.09086023 -0.3278147 0.2573397 0.5433778 0.6016939 -0.4548779 -0.3684987
Left_Pinky2 -0.08692974 -0.3560078 0.2587903 0.03391664 0.8453781 -0.03419249 -0.5319931
Left_Pinky3 -0.07879494 -0.3577741 0.2418834 -0.2485605 0.8330684 0.1395881 -0.474057
Left_ThumbTip -0.04165377 -0.3816676 0.2666204 0.2821055 -0.235412 -0.311592 -0.8763036
Left_IndexTip -0.02978206 -0.3824372 0.3130638 0.5049638 0.4210329 -0.5412577 -0.5241975
Left_MiddleTip -0.06403753 -0.3879233 0.3163559 0.5882878 0.5176119 -0.4531453 -0.4250351
Left_RingTip -0.06189524 -0.3661117 0.239297 -0.06594044 0.8289824 0.06597839 -0.5514412
Left_PinkyTip -0.06959589 -0.347603 0.2268182 -0.2485605 0.8330684 0.1395881 -0.474057
Right_WristRoot 0.07750101 -0.276905 0.1966931 0.1143411 0.7157969 -0.05937607 -0.6863202
Right_ForearmStub 0.07750101 -0.276905 0.1966931 0.1143411 0.7157969 -0.05937607 -0.6863202
Right_Thumb0 0.06632683 -0.2820028 0.2168335 -0.1830762 0.8579417 -0.3715051 -0.303979
Right_Thumb1 0.04907581 -0.2840385 0.2319975 -0.236704 0.7281775 -0.5591453 -0.3179391
Right_Thumb2 0.02838892 -0.2837119 0.2539503 -0.1824077 0.7445487 -0.506225 -0.395109
Right_Thumb3 0.008911051 -0.279686 0.2781878 -0.2235902 0.7284369 -0.5653995 -0.3157701
Right_Index1 0.05234683 -0.2600575 0.2835251 -0.01393629 0.6966639 0.02767805 -0.7167282
Right_Index2 0.05332464 -0.2621369 0.3186394 -0.2872341 0.6282971 0.3445249 -0.6356432
Right_Index3 0.05271786 -0.2801521 0.3321876 -0.3779489 0.5554934 0.4425226 -0.5939324
Right_Middle1 0.07289165 -0.2573122 0.2831695 0.0132719 0.6972797 0.0612022 -0.7140585
Right_Middle2 0.07369263 -0.2600562 0.322895 -0.2822625 0.6333789 0.3748928 -0.6153169
Right_Middle3 0.07156018 -0.2809883 0.337409 -0.3362753 0.5644175 0.5012514 -0.5631155
Right_Ring1 0.09052921 -0.2637506 0.2787197 0.09911568 0.6625258 0.04644011 -0.7409987
Right_Ring2 0.09479156 -0.2614889 0.3145775 -0.1548651 0.6494305 0.3766328 -0.6421875
Right_Ring3 0.09165484 -0.2783749 0.3322665 -0.2656379 0.6165519 0.5151516 -0.5328409
Right_Pinky0 0.09703332 -0.2791385 0.2305258 0.2480054 0.6109879 0.1193319 -0.7422581
Right_Pinky1 0.1065571 -0.2738054 0.2714503 0.2445655 0.5158224 -0.04892898 -0.8195859
Right_Pinky2 0.1197558 -0.2643281 0.2948678 0.2317234 0.507776 0.06766149 -0.8269764
Right_Pinky3 0.1287104 -0.2620022 0.3112856 0.2285674 0.5503696 0.06484303 -0.8004035
Right_ThumbTip -0.007595159 -0.2781226 0.2939023 -0.2235902 0.7284369 -0.5653995 -0.3157701
Right_IndexTip 0.05290863 -0.2994762 0.3398062 -0.3779489 0.5554934 0.4425226 -0.5939324
Right_MiddleTip 0.06879946 -0.302624 0.3452817 -0.3362753 0.5644175 0.5012514 -0.5631155
Right_RingTip 0.08563927 -0.2977533 0.3422655 -0.2656379 0.6165519 0.5151516 -0.5328409
Right_PinkyTip 0.1367634 -0.2578952 0.3295425 0.2285674 0.5503696 0.06484303 -0.8004035