U_CharacterBack (1) -1.850535 0.094554 2.182953 0 0 0 1
U -1.850535 0.094554 2.182953 0 0 0 1
joint_Char -1.850535 0.094554 2.182953 0 0 0 1
joint_Pelvis -1.774746 1.151977 2.093014 0.06366176 -0.7793298 -0.07735152 0.618554
joint_HipMaster -1.774737 1.142156 2.091133 0.7070946 0.00414706 -0.7070946 0.00414706
joint_HipLT -1.838438 1.073542 2.049941 0.05895944 -0.6979282 0.007568992 0.7136965
joint_KneeLT -1.870511 0.6534432 1.928043 0.001850523 0.02162069 -0.09445861 0.9952923
joint_FootLT -1.880306 0.2921191 1.746573 -0.04397125 0.01983994 0.02740237 0.9984599
joint_ToeLT -1.921595 0.1636594 1.826933 -0.009418902 -0.006515326 0.5682525 0.8227746
joint_HipRT -1.705294 1.067827 2.080401 -0.7118385 0.07823858 0.6909063 0.09906204
joint_KneeRT -1.595592 0.6488798 2.010974 -0.002849668 -0.05523929 -0.109931 0.992399
joint_FootRT -1.477217 0.2909727 1.864438 -0.02416711 -0.04075811 0.05473975 0.9973757
joint_ToeRT -1.502601 0.1645797 1.954131 -0.009418904 -0.006515258 0.5682527 0.8227744
joint_TorsoA -1.774755 1.161798 2.094895 -0.001715737 5.908187E-05 -0.04751991 0.9988689
joint_TorsoB -1.777084 1.264508 2.126 2.896341E-08 -1.789987E-07 0.06521353 0.9978714
joint_TorsoC -1.776205 1.375254 2.144659 0 0 0 1
joint_ClavicleLT -1.80512 1.492263 2.130729 0.01941887 0.6656991 0.7458625 0.01252705
joint_ShoulderLT -1.895868 1.48589 2.108994 0.1451653 0.08112215 0.08122201 0.9827254
joint_ElbowLT -2.11817 1.531133 2.101117 -0.02056333 0.3813516 0.08340271 0.9204304
joint_HandLT -2.343764 1.580665 2.132868 0.009374931 0.3554007 -0.3706968 0.8580131
joint_CapitateLT -2.414907 1.569207 2.1209 -0.1163621 0.694368 0.09353982 0.7039626
joint_FingersALT -2.453356 1.540128 2.118655 0.06372835 0.0873572 -0.7179788 0.6876147
joint_FingersBLT -2.456952 1.537434 2.150224 -0.006717248 0.001909095 -0.6712597 0.7411894
joint_FingersCLT -2.435001 1.546402 2.155922 -0.007279617 0.001254677 -0.5603639 0.8282136
joint_IndexALT -2.461378 1.563389 2.120459 0.06352253 0.08806829 -0.7127357 0.6929768
joint_IndexBLT -2.465289 1.560713 2.150775 0.02588352 -0.01994829 -0.6408665 0.7669566
joint_IndexCLT -2.446196 1.566689 2.157555 0.02223036 -0.01711375 -0.5979317 0.801056
joint_PisiformLT -2.394539 1.542168 2.121538 -0.02149633 0.004695803 -0.09208782 0.9955077
joint_PinkyALT -2.429243 1.505719 2.118746 -0.4948504 0.5051144 -0.4970931 0.5028727
joint_PinkyBLT -2.433875 1.50272 2.147052 0.02426618 -0.0195727 -0.5979877 0.8008988
joint_PinkyCLT -2.42065 1.511537 2.15533 0.03461288 -0.01666328 -0.6168611 0.786134
joint_RingALT -2.442214 1.521018 2.118181 -0.5033287 0.4589336 -0.5261983 0.5090733
joint_RingBLT -2.444049 1.517157 2.150923 0.02378955 -0.01897394 -0.5998359 0.7995442
joint_RingCLT -2.429179 1.526029 2.158079 0.03880924 -0.01233924 -0.6205437 0.7831137
joint_ThumbALT -2.380304 1.58696 2.129791 -0.334474 0.4421089 0.3545499 0.7529683
joint_ThumbBLT -2.407181 1.602126 2.132844 0.1950847 0.03590702 -0.1627168 0.9665278
joint_ThumbCLT -2.440368 1.602074 2.137807 0.1354067 0.0623783 -0.2280397 0.9621705
joint_ClavicleRT -1.733952 1.488967 2.14694 0.6277255 -0.03020247 -0.0005978457 0.7778484
joint_ShoulderRT -1.64592 1.464748 2.167236 0.1023311 0.0547164 -0.006659711 0.9932221
joint_ElbowRT -1.425997 1.451778 2.221944 -0.003462076 0.2456092 0.07898911 0.9661392
joint_HandRT -1.211529 1.442782 2.312922 -0.09868982 0.2243492 0.07645281 0.9664796
joint_CapitateRT -1.164029 1.450537 2.36787 -0.116362 0.6943679 0.09353987 0.7039626
joint_FingersART -1.128405 1.433767 2.395775 -0.1518873 -0.01023749 0.2285465 -0.9615571
joint_FingersBRT -1.113407 1.420644 2.420667 -0.0006328311 -0.0007273873 0.1379884 -0.9904335
joint_FingersCRT -1.10777 1.407303 2.440289 -0.0003583777 -0.001195213 -0.002653685 -0.9999957
joint_IndexART -1.139001 1.452777 2.407395 -0.2531106 0.02538965 0.2232105 -0.9409928
joint_IndexBRT -1.122214 1.435908 2.426763 0.008294945 0.0187232 0.01032159 -0.9997371
joint_IndexCRT -1.111101 1.424255 2.440436 0.008047904 0.01971101 0.04419496 -0.998796
joint_PisiformRT -1.158688 1.425297 2.345945 -0.02149621 0.004695774 -0.09208751 0.9955078
joint_PinkyART -1.12028 1.402316 2.369126 0.04289802 -0.6389171 0.2108264 -0.7385777
joint_PinkyBRT -1.103047 1.383869 2.38307 0.009722279 0.01700424 0.00560704 -0.9997925
joint_PinkyCRT -1.092535 1.372486 2.392076 0.0004674381 0.01517798 0.06863916 -0.997526
joint_RingART -1.122494 1.416922 2.382705 0.1610265 -0.6738781 0.1329775 -0.7087142
joint_RingBRT -1.105498 1.401233 2.406271 0.01059274 0.01540564 0.01251243 -0.999747
joint_RingCRT -1.09634 1.392387 2.420015 -0.0002079382 0.00862265 0.03020782 -0.9995064
joint_ThumbART -1.196079 1.454909 2.344521 0.3344718 -0.4421093 -0.3545457 -0.7529711
joint_ThumbBRT -1.194282 1.469367 2.371897 -0.04325353 -0.04149449 0.0582467 -0.9965013
joint_ThumbCRT -1.190332 1.480889 2.403164 0.003193348 -0.04168948 0.1341221 -0.9900824
joint_Neck -1.768005 1.543619 2.14289 -0.008678621 -0.001211483 -0.1305511 0.9914029
joint_Head -1.771841 1.644609 2.188712 7.51726E-05 -1.295628E-06 0.1698402 0.9854717
joint_CheekLT -1.829784 1.656597 2.265127 -3.593107E-05 1.695842E-06 0.04714463 0.9988881
joint_CheekRT -1.751075 1.651559 2.282837 -3.589194E-05 1.729902E-06 0.04465551 0.9990025
joint_DimpleLT -1.829785 1.624177 2.253827 -3.595213E-05 1.721947E-06 0.04714462 0.9988881
joint_DimpleRT -1.750188 1.619082 2.271736 -3.593915E-05 1.638509E-06 0.04714462 0.9988881
joint_EyebrowInnerLT -1.807728 1.686404 2.288034 -3.588939E-05 1.684235E-06 0.04714465 0.9988881
joint_EyebrowInnerRT -1.776997 1.684437 2.294948 -3.597274E-05 1.707448E-06 0.04714465 0.9988881
joint_EyebrowOuterLT -1.825282 1.698767 2.280912 -3.593107E-05 1.695842E-06 0.04714463 0.9988881
joint_EyebrowOuterRT -1.756725 1.694378 2.296337 -3.593107E-05 1.695842E-06 0.04714463 0.9988881
joint_EyelidsDownLT -1.816481 1.684468 2.259172 -3.593107E-05 1.695842E-06 0.04714463 0.9988881
joint_EyelidsDownRT -1.757074 1.680665 2.272539 -3.593107E-05 1.695842E-06 0.04714463 0.9988881
joint_EyelidUpLT -1.816477 1.685435 2.259428 -3.593107E-05 1.695842E-06 0.04714463 0.9988881
joint_EyelidUpRT -1.757069 1.681632 2.272794 -3.593107E-05 1.695842E-06 0.04714463 0.9988881
joint_EyeLT -1.814794 1.686824 2.252973 -5.008891E-05 4.571101E-05 0.138001 0.9904321
joint_EyeRT -1.755655 1.683039 2.266279 -2.11797E-05 -3.571268E-05 0.138001 0.9904321
joint_Jaw -1.777825 1.645382 2.215499 0.6817181 0.1877286 -0.6816796 0.1879662
joint_LipCornerLT -1.819411 1.61479 2.262116 -3.596594E-05 1.684558E-06 0.04714462 0.9988881
joint_LipCornerRT -1.764161 1.611254 2.274547 -3.592196E-05 1.67497E-06 0.04714462 0.9988881
joint_LowerLip -1.794779 1.607592 2.279986 -0.002260796 -3.105938E-06 0.04763962 0.998862
joint_LowerLipLT -1.805327 1.609239 2.273408 -3.588029E-05 1.667314E-06 0.04714462 0.9988881
joint_LowerLipRT -1.782275 1.607763 2.278594 -3.60099E-05 1.695157E-06 0.04714462 0.9988881
joint_NoseMain -1.794219 1.640293 2.286832 -3.5949E-05 1.688963E-06 0.04714467 0.9988881
joint_NoseSideLT -1.804528 1.63356 2.28207 -3.593789E-05 1.664898E-06 0.04714463 0.9988881
joint_NoseSideRT -1.783735 1.632229 2.286749 -3.592424E-05 1.726784E-06 0.04714463 0.9988881
joint_UpperLip -1.794943 1.611668 2.281882 -3.595061E-05 1.674017E-06 0.04714463 0.9988881
joint_UpperLipLT -1.80784 1.614571 2.274208 -3.594716E-05 1.673222E-06 0.04714462 0.9988881
joint_UpperLipRT -1.779717 1.61277 2.280536 -3.593678E-05 1.694336E-06 0.04714461 0.9988881
U_Char -1.850535 0.094554 2.182953 0 0 0 1
U_Char_Eye_L -1.850535 0.094554 2.182953 0 0 0 1
U_Char_Eye_R -1.850535 0.094554 2.182953 0 0 0 1
